0000_00532_b.jpg 1 145 73 72 62 59P1-66480
0000_02187_b.jpg 1 175 116 83 78 59E1-21500
0000_05696_b.jpg 1 190 23 83 71 59L2-06377
0000_06886_b.jpg 1 154 79 85 76 59C1-65331
0000_08244_b.jpg 1 181 75 79 70 59T1-08264
0001_05318_b.jpg 1 174 52 71 61 59T1-08264
0002_02183_b.jpg 1 212 158 70 53 52U7-8693
0002_02554_b.jpg 1 204 145 88 79 59F1-68955
0003_02063_b.jpg 1 154 132 82 66 63B9-57926
0003_07398_b.jpg 1 206 198 75 61 59V1-07473
0004_06801_b.jpg 1 132 215 80 64 59H1-54986
0005_00490_b.jpg 1 152 38 78 66 59F1-13860
0005_00512_b.jpg 1 205 155 78 63 68F5-5727
0005_02171_b.jpg 1 154 113 78 63 59C2-51109
0006_05286_b.jpg 1 190 145 86 77 59C1-65331
0006_06035_b.jpg 1 203 129 81 71 59U1-39619
0006_06797_b.jpg 1 213 82 72 65 59C1-65331
0007_02188_b.jpg 1 235 153 91 81 60B5-55723
0007_05159_b.jpg 1 187 161 83 71 37M1-07918
0009_00490_b.jpg 1 208 103 80 66 59F1-13860
0009_02194_b.jpg 1 146 137 86 73 51FB-4779
0009_05325_b.jpg 1 178 86 79 61 60B5-31402
0010_00004_b.jpg 1 196 139 78 66 59F1-07509
0010_02063_b.jpg 1 144 130 79 64 63B9-57926
0011_00515_b.jpg 1 184 102 79 65 60X4-6482
0012_04539_b.jpg 1 196 121 75 62 37M1-07918
0013_05647_b.jpg 1 169 109 71 58 59F1-16711
0014_02176_b.jpg 1 176 132 84 67 52U4-4702
0017_00195_b.jpg 1 170 133 79 65 59M1-90977
0018_07248_b.jpg 1 238 121 75 66 77F1-30541
0019_01137_b.jpg 1 235 136 90 75 59V1-84031
0019_02163_b.jpg 1 205 100 79 66 59E1-13417
0019_06895_b.jpg 1 146 141 70 57 59H1-54986
0020_00536_b.jpg 1 159 79 75 62 67C1-05355
0020_02063_b.jpg 1 152 119 79 61 63B9-57926
0020_07156_b.jpg 1 176 148 68 53 59N1-69575
0021_06361_b.jpg 1 169 208 72 58 59V1-07473
0022_01753_b.jpg 1 162 54 73 64 66G1-15723
0023_05798_b.jpg 1 238 97 84 80 67B1-81846
0025_00457_b.jpg 1 168 106 67 53 59B1-34917
0027_06458_b.jpg 1 183 158 77 67 85F1-00417
0028_00196_b.jpg 1 196 136 78 69 65S2-1319
0028_07031_b.jpg 1 202 91 60 53 59V2-00285
0028_08102_b.jpg 1 178 79 59 53 59C1-00507
0031_07285_b.jpg 1 169 59 86 73 81B1-26810
0036_00507_b.jpg 1 167 111 68 58 72C1-12511
0038_01762_b.jpg 1 168 65 73 62 54L2-4264
0038_08198_b.jpg 1 138 68 82 75 59K1-90300
0039_01689_b.jpg 1 187 151 67 52 51R5-6273
0039_04131_b.jpg 1 178 126 79 65 59K1-90300
0039_05169_b.jpg 1 255 62 68 61 84G1-22593
0041_00436_b.jpg 1 183 66 63 49 59M1-03519
0041_00486_b.jpg 1 160 114 89 74 68H7-4213
0041_00507_b.jpg 1 238 119 77 63 72C1-12511
0041_00697_b.jpg 1 119 114 84 68 54Z8-7524
0041_00951_b.jpg 1 156 117 66 55 62V1-6814
0041_04542_b.jpg 1 165 126 60 48 52H9-9892
0041_05679_b.jpg 1 160 116 90 78 68H7-4213
0042_01141_b.jpg 1 212 96 77 66 59T1-88808
0042_01746_b.jpg 1 232 182 73 64 59H1-05714
0042_01875_b.jpg 1 289 96 86 79 59C1-62293
0042_05741_b.jpg 1 184 111 65 54 59U1-39619
0043_01133_b.jpg 1 193 130 61 52 54S2-4522
0043_01757_b.jpg 1 177 107 82 68 65F1-31532
0043_01879_b.jpg 1 191 21 88 73 59C1-16274
0044_04330_b.jpg 1 163 87 61 51 84K3-4900
0045_01558_b.jpg 1 163 94 62 51 59U1-70392
0045_01674_b.jpg 1 211 50 78 69 59C1-68612
0045_01821_b.jpg 1 207 206 84 75 49B1-31215
0046_00961_b.jpg 1 176 146 64 53 62H2-7327
0046_01762_b.jpg 1 192 110 80 66 54L2-4264
0046_06241_b.jpg 1 172 100 74 68 59C1-65331
0046_06635_b.jpg 1 205 101 82 76 59B1-35199
0047_00717_b.jpg 1 178 86 60 54 54U5-2813
0047_00966_b.jpg 1 194 103 65 52 54S1-6312
0047_00970_b.jpg 1 187 156 65 56 59P1-52934
0047_01152_b.jpg 1 190 197 76 64 59F1-70424
0047_01868_b.jpg 1 224 184 75 71 51L4-1138
0047_03046_b.jpg 1 181 128 66 53 54V2-5804
0048_01264_b.jpg 1 197 118 73 66 59G1-98907
0048_01689_b.jpg 1 196 93 74 56 51R5-6273
0048_01752_b.jpg 1 158 182 72 54 59L1-97457
0048_02005_b.jpg 1 176 162 83 79 86B3-41492
0049_03047_b.jpg 1 172 65 74 63 94H4-1831
0049_04098_b.jpg 1 253 113 73 67 60B1-57122
0049_04676_b.jpg 1 203 129 82 71 59P1-41818
0050_01152_b.jpg 1 198 172 62 53 59F1-70424
0051_00959_b.jpg 1 178 121 76 65 59V2-16023
0051_01757_b.jpg 1 180 123 86 74 65F1-31532
0052_05252_b.jpg 1 171 165 61 50 59L1-87760
0053_01877_b.jpg 1 184 45 83 72 59X2-68327
0053_04375_b.jpg 1 201 96 73 64 67B1-81846
0054_00940_b.jpg 1 183 106 58 52 59L1-54063
0054_03047_b.jpg 1 189 93 62 53 94H4-1831
0054_04076_b.jpg 1 163 49 70 64 54X4-5969
0054_05482_b.jpg 1 226 112 89 79 59S2-16555
0054_05705_b.jpg 1 193 104 87 69 51L7-3998
0054_06642_b.jpg 1 234 66 72 63 84G1-22593
0054_06669_b.jpg 1 168 65 79 70 59C1-59610
0055_01981_b.jpg 1 166 0 79 64 52P5-0334
0056_01153_b.jpg 1 160 66 61 52 59U1-59897
0056_01595_b.jpg 1 246 82 83 76 63Y1-0200
0056_05671_b.jpg 1 204 159 79 70 30N4-5882
0057_01126_b.jpg 1 186 70 71 60 59S2-36623
0057_04356_b.jpg 1 150 96 72 58 59F1-38151
0057_05184_b.jpg 1 178 97 75 62 59S2-16555
0057_06324_b.jpg 1 164 63 70 60 52L2-6661
0058_00594_b.jpg 1 180 129 81 66 43S2-6463
0058_01145_b.jpg 1 207 116 59 49 51H2-3397
0058_01153_b.jpg 1 154 99 79 66 59U1-59897
0058_02021_b.jpg 1 176 130 79 63 59V1-83357
0058_05613_b.jpg 1 224 86 61 53 60U2-3465
0059_04445_b.jpg 1 148 170 72 55 54T1-5417
0059_04971_b.jpg 1 178 171 77 65 59F1-38151
0059_06835_b.jpg 1 164 139 83 68 59M1-53561
0100_00168_b.jpg 1 205 127 61 48 77L1-37372
0100_00252_b.jpg 1 213 165 73 61 59S1-31386
0100_01126_b.jpg 1 216 63 69 65 59S2-36623
0100_01595_b.jpg 1 186 72 74 65 63Y1-0200
0100_08183_b.jpg 1 148 146 80 66 59C2-21098
0101_00088_b.jpg 1 154 56 82 70 67L1-06669
0101_01261_b.jpg 1 182 85 75 66 59S2-35205
0101_01391_b.jpg 1 135 51 90 79 61D1-00626
0101_01715_b.jpg 1 249 106 73 67 86B3-19858
0101_05739_b.jpg 1 175 92 64 56 85D1-21869
0101_07107_b.jpg 1 193 81 75 67 71S3-5011
0102_00398_b.jpg 1 204 122 88 80 60B8-13705
0102_04296_b.jpg 1 152 53 80 68 59H1-33046
0102_04565_b.jpg 1 131 25 73 59 48F1-1856
0102_06556_b.jpg 1 214 88 75 63 54V6-6004
0102_07105_b.jpg 1 178 45 79 69 59X1-54497
0102_07390_b.jpg 1 152 31 83 73 59N2-09050
0103_01261_b.jpg 1 177 97 64 52 59S2-35205
0103_01697_b.jpg 1 187 69 63 52 95AA-00839
0103_05539_b.jpg 1 211 144 80 67 59F1-38151
0103_06841_b.jpg 1 158 198 75 62 59T1-77207
0104_00171_b.jpg 1 175 129 79 63 59H1-62281
0104_08083_b.jpg 1 260 157 90 79 60B8-01075
0105_01594_b.jpg 1 145 138 90 75 59F1-49271
0106_00586_b.jpg 1 211 149 86 73 59S2-08082
0106_08292_b.jpg 1 254 83 84 80 59K1-40650
0107_00252_b.jpg 1 166 173 84 70 59S1-31386
0108_00929_b.jpg 1 223 58 77 66 59E1-64239
0108_00973_b.jpg 1 204 115 79 68 72F1-20613
0108_05849_b.jpg 1 188 104 70 64 59P1-83257
0109_01594_b.jpg 1 192 190 88 80 59F1-49271
0109_02232_b.jpg 1 156 56 74 63 59H1-19374
0109_04995_b.jpg 1 181 103 77 66 59C1-39780
0110_00060_b.jpg 1 173 105 62 55 59P1-33202
0110_00252_b.jpg 1 158 119 63 50 59S1-31386
0110_01653_b.jpg 1 147 93 78 63 83P1-67560
0110_01670_b.jpg 1 212 96 81 71 59P2-20947
0110_01967_b.jpg 1 182 133 62 54 59N1-87515
0110_04515_b.jpg 1 160 116 86 76 54S2-2148
0111_01678_b.jpg 1 166 109 64 57 86H7-9591
0111_05692_b.jpg 1 267 123 83 79 59L1-77693
0112_00522_b.jpg 1 154 106 86 71 59F1-20158
0112_01081_b.jpg 1 219 129 86 81 47D1-17237
0112_01913_b.jpg 1 177 135 60 51 59T1-54049
0112_05816_b.jpg 1 171 136 68 57 59F1-29346
0112_06759_b.jpg 1 143 107 80 73 59U1-25418
0113_00687_b.jpg 1 139 82 81 67 59L2-27560
0113_04405_b.jpg 1 228 82 76 63 59D1-62787
0113_08001_b.jpg 1 185 87 84 73 47M7-4206
0114_00145_b.jpg 1 189 107 71 58 47B1-42872
0114_00442_b.jpg 1 157 113 85 71 59G1-33671
0114_05537_b.jpg 1 166 74 73 61 47K1-08279
0114_05671_b.jpg 1 220 95 61 53 59L2-05442
0115_01636_b.jpg 1 133 108 82 78 60B7-34176
0115_01853_b.jpg 1 217 101 60 52 76D1-24027
0115_01928_b.jpg 1 172 77 80 66 59B1-00002
0115_01937_b.jpg 1 281 143 82 67 82K3-7689
0115_02514_b.jpg 1 163 186 71 60 59P1-17980
0115_06646_b.jpg 1 169 42 73 63 54S8-9169
0115_08259_b.jpg 1 174 124 76 70 59L1-06458
0116_00148_b.jpg 1 222 133 78 70 59U1-35226
0116_00818_b.jpg 1 142 83 70 61 52Z7-9752
0116_00986_b.jpg 1 183 150 68 59 59Y1-44665
0116_02019_b.jpg 1 101 100 71 61 60B3-25220
0116_04019_b.jpg 1 238 227 71 60 59H1-55699
0116_04147_b.jpg 1 178 144 74 62 51S8-4605
0117_00060_b.jpg 1 193 71 71 64 59P1-33202
0117_00091_b.jpg 1 218 109 76 69 59U1-66141
0117_00148_b.jpg 1 179 88 74 63 59U1-35226
0117_01160_b.jpg 1 198 157 71 61 75K3-0899
0117_05755_b.jpg 1 227 51 77 64 71B1-58070
0118_00092_b.jpg 1 173 90 65 53 60F1-40494
0118_00095_b.jpg 1 182 119 75 64 79T2-6658
0118_00750_b.jpg 1 173 71 83 73 85D1-01611
0118_00754_b.jpg 1 214 128 86 74 72C1-36087
0118_00818_b.jpg 1 159 107 60 50 52Z7-9752
0118_00942_b.jpg 1 169 115 77 67 72F1-20741
0118_01640_b.jpg 1 178 106 60 51 59V2-00884
0118_01967_b.jpg 1 145 53 68 61 59N1-87515
0118_01998_b.jpg 1 194 114 86 75 66P1-5739
0118_04709_b.jpg 1 158 92 79 69 59F1-12329
0118_07169_b.jpg 1 128 51 70 58 51Z3-0606
0118_08084_b.jpg 1 195 89 77 67 54L3-9902
0119_00145_b.jpg 1 175 145 77 66 47B1-42872
0119_01947_b.jpg 1 159 134 80 66 54S5-5036
0119_02023_b.jpg 1 196 79 62 54 59D1-66974
0119_02244_b.jpg 1 166 131 79 67 59H1-46704
0119_02246_b.jpg 1 175 123 83 74 54U5-7001
0119_02501_b.jpg 1 217 114 81 68 59C2-11894
0119_06336_b.jpg 1 146 183 78 66 59B1-31149
0120_00060_b.jpg 1 187 83 71 63 59P1-33202
0120_00061_b.jpg 1 218 171 76 66 59D1-49489
0120_00262_b.jpg 1 220 129 76 67 59P2-29729
0120_00591_b.jpg 1 146 151 60 49 59F1-75291
0120_01073_b.jpg 1 221 159 65 54 59L2-27602
0120_02089_b.jpg 1 170 110 90 72 60FP-1469
0120_04228_b.jpg 1 182 157 64 53 59C1-49744
0120_04673_b.jpg 1 201 77 60 51 59Y1-02533
0120_06890_b.jpg 1 163 146 63 56 54T5-6168
0120_07193_b.jpg 1 172 55 80 70 54V5-8964
0120_08370_b.jpg 1 194 166 76 67 79H1-20023
0121_00375_b.jpg 1 123 2 84 71 59T1-92270
0121_00503_b.jpg 1 182 146 81 68 60B6-28032
0121_00820_b.jpg 1 134 171 81 68 59U1-01985
0121_00920_b.jpg 1 232 110 78 70 59M1-97582
0121_02555_b.jpg 1 184 120 81 71 59C2-45928
0121_04617_b.jpg 1 139 133 78 67 59E1-12903
0121_04848_b.jpg 1 172 103 73 64 61C1-06403
0121_06062_b.jpg 1 149 96 77 67 67B1-40833
0121_06228_b.jpg 1 163 115 77 65 59H1-56390
0121_06796_b.jpg 1 146 112 77 65 59F1-47488
0121_07251_b.jpg 1 162 179 81 70 76G1-12000
0122_00091_b.jpg 1 188 100 73 60 59U1-66141
0122_00752_b.jpg 1 164 133 75 63 59L1-84759
0122_00983_b.jpg 1 179 182 71 60 59V1-58723
0122_01404_b.jpg 1 156 106 84 74 54T3-0255
0122_02548_b.jpg 1 179 181 81 67 59X1-60210
0122_05233_b.jpg 1 168 95 73 61 59L2-23714
0122_05419_b.jpg 1 182 118 58 48 64D1-13241
0122_07108_b.jpg 1 168 141 90 77 59S1-14883
0123_00754_b.jpg 1 181 82 77 66 72C1-36087
0123_00918_b.jpg 1 172 128 77 64 59S1-74613
0123_01841_b.jpg 1 172 79 71 61 59C1-29368
0123_01939_b.jpg 1 225 128 65 56 60B8-16455
0123_02088_b.jpg 1 210 154 67 60 60B1-86436
0123_04299_b.jpg 1 152 69 87 79 59S1-59484
0123_05055_b.jpg 1 156 151 76 64 59P1-63138
0123_05664_b.jpg 1 186 94 64 54 59Z1-27275
0123_06125_b.jpg 1 161 109 74 64 61C1-06403
0124_00307_b.jpg 1 133 120 74 61 59Y1-42323
0124_00323_b.jpg 1 204 174 63 54 59L2-29477
0124_00779_b.jpg 1 205 147 93 78 95G1-01643
0124_00806_b.jpg 1 130 138 90 73 59E1-64141
0124_00942_b.jpg 1 221 110 64 52 72F1-20741
0124_01377_b.jpg 1 198 99 77 63 76V6-3429
0124_01853_b.jpg 1 175 86 71 61 76D1-24027
0124_02016_b.jpg 1 216 51 76 61 59L2-02084
0124_04420_b.jpg 1 173 86 70 58 76D1-24027
0124_04443_b.jpg 1 224 95 70 62 59X2-81467
0124_04666_b.jpg 1 188 109 84 76 84K5-1618
0124_06079_b.jpg 1 181 133 74 64 59F1-14760
0124_06343_b.jpg 1 161 64 73 63 54S8-9169
0125_00127_b.jpg 1 163 138 67 54 49M7-1975
0125_00375_b.jpg 1 166 41 76 69 59T1-92270
0125_00786_b.jpg 1 175 92 73 65 59T1-03506
0125_00984_b.jpg 1 192 42 80 64 59P2-31316
0125_01920_b.jpg 1 149 126 58 48 59E1-03640
0125_02237_b.jpg 1 192 125 84 71 60Y7-3914
0125_02242_b.jpg 1 207 165 77 64 59V2-15800
0125_04420_b.jpg 1 206 134 70 59 59C2-24729
0125_05869_b.jpg 1 186 104 63 53 93P1-06312
0125_06196_b.jpg 1 215 152 86 76 51L8-2105
0126_00061_b.jpg 1 192 125 72 61 59D1-49489
0126_00136_b.jpg 1 208 148 81 67 54V1-4819
0126_00940_b.jpg 1 189 98 73 65 59L1-54063
0126_04109_b.jpg 1 227 148 75 63 52F8-6932
0126_04483_b.jpg 1 166 50 81 70 95DB-01179
0126_05624_b.jpg 1 182 119 75 63 59M1-21704
0126_05966_b.jpg 1 194 157 57 48 59C1-05899
0126_06118_b.jpg 1 202 149 88 74 59C1-39780
0126_06297_b.jpg 1 192 53 80 67 60C2-32301
0127_00055_b.jpg 1 158 148 75 66 55P5-6876
0127_01738_b.jpg 1 174 122 76 67 59C2-44011
0127_01915_b.jpg 1 176 138 64 54 77C1-39373
0127_01968_b.jpg 1 142 155 64 51 59U1-79751
0127_04803_b.jpg 1 180 148 82 72 59T1-81654
0127_08112_b.jpg 1 188 88 63 55 53V9-7976
0128_00503_b.jpg 1 183 120 73 61 60B6-28032
0128_00733_b.jpg 1 191 181 78 68 59Y1-60811
0128_01676_b.jpg 1 165 157 80 69 70SA-0367
0128_02532_b.jpg 1 166 74 76 62 63B1-38786
0128_02555_b.jpg 1 227 95 73 66 59C2-45920
0128_04019_b.jpg 1 152 37 83 69 54Y3-82211
0128_05556_b.jpg 1 196 123 60 49 59P1-87149
0128_06831_b.jpg 1 204 154 76 64 60B5-23822
0128_07208_b.jpg 1 183 50 73 61 60C1-23774
0128_08102_b.jpg 1 179 74 76 66 47N6-9618
0129_00608_b.jpg 1 153 206 81 66 86B6-08797
0129_00633_b.jpg 1 80 112 76 65 29C1-20902
0129_00751_b.jpg 1 179 126 63 54 60B3-34534
0129_00806_b.jpg 1 114 83 77 67 59E1-64141
0129_00819_b.jpg 1 221 129 76 67 55X1-7546
0129_01074_b.jpg 1 152 27 83 70 63B2-22794
0129_02529_b.jpg 1 165 120 73 62 59X2-03954
0129_06028_b.jpg 1 192 107 62 54 66L1-35224
0129_06048_b.jpg 1 247 135 77 67 54L3-9902
0129_06692_b.jpg 1 185 103 68 63 52F3-9280
0129_06900_b.jpg 1 149 106 73 61 59M1-70791
0129_07029_b.jpg 1 208 105 64 51 72K5-9221
0130_00538_b.jpg 1 124 157 64 51 59P1-89739
0130_00760_b.jpg 1 206 117 64 55 59S1-15133
0130_00833_b.jpg 1 176 159 64 55 67F1-11317
0130_01078_b.jpg 1 201 133 85 71 62L1-22767
0130_05460_b.jpg 1 196 162 80 67 59S2-18904
0131_00223_b.jpg 1 212 81 78 70 59V1-87754
0131_00329_b.jpg 1 161 90 70 60 59S1-11289
0131_00436_b.jpg 1 279 125 72 64 59M1-03519
0131_00635_b.jpg 1 173 156 81 67 59L1-78582
0131_00660_b.jpg 1 107 165 77 63 59F1-31469
0131_00733_b.jpg 1 150 192 74 62 59Y1-60811
0131_00774_b.jpg 1 171 119 63 53 59K1-83535
0131_00942_b.jpg 1 262 119 75 68 72F1-20741
0131_00954_b.jpg 1 142 97 77 66 60B7-36638
0131_02540_b.jpg 1 194 169 83 70 85B1-17851
0131_02584_b.jpg 1 271 200 75 64 72E1-01515
0131_04891_b.jpg 1 196 55 83 73 70B1-47189
0131_05287_b.jpg 1 183 87 63 54 59V2-43654
0131_05638_b.jpg 1 176 109 70 57 59D1-46288
0131_07186_b.jpg 1 153 86 80 71 59L2-23714
0132_00984_b.jpg 1 182 55 80 63 59P2-61316
0132_02227_b.jpg 1 198 102 65 54 59E1-25297
0132_04142_b.jpg 1 218 141 60 51 59S2-20617
0132_04633_b.jpg 1 221 111 61 53 59E1-68973
0132_04704_b.jpg 1 173 168 86 77 59S2-27831
0132_04939_b.jpg 1 175 117 65 58 59P1-55811
0132_05835_b.jpg 1 231 95 82 71 59C2-01909
0132_06084_b.jpg 1 202 200 68 59 71C2-36423
0132_08092_b.jpg 1 166 154 80 70 59T1-55500
0133_01915_b.jpg 1 184 120 74 64 77C1-39373
0133_02013_b.jpg 1 201 70 83 68 93P1-17409
0133_02544_b.jpg 1 183 138 64 53 59L1-44802
0133_02608_b.jpg 1 155 119 77 67 66P1-5967
0133_04344_b.jpg 1 246 112 74 64 59F1-47404
0133_04876_b.jpg 1 156 104 71 63 51H3-0234
0133_05630_b.jpg 1 217 103 72 65 51L7-4255
0133_05979_b.jpg 1 182 105 84 70 54P1-1782
0134_00217_b.jpg 1 215 81 61 53 85S1-5378
0134_00408_b.jpg 1 120 107 77 66 51L3-3664
0134_00579_b.jpg 1 198 31 77 65 72L2-1703
0134_00660_b.jpg 1 134 179 64 53 59F1-31469
0134_01049_b.jpg 1 178 99 61 57 54Z2-8101
0134_01670_b.jpg 1 186 125 86 73 59P2-20947
0134_02562_b.jpg 1 222 156 70 62 54U1-4469
0134_05469_b.jpg 1 153 42 69 63 59N2-72061
0134_05943_b.jpg 1 177 69 76 63 59T1-53668
0134_07394_b.jpg 1 195 95 84 71 51H2-5512
0135_00503_b.jpg 1 184 155 66 54 60B6-28032
0135_00957_b.jpg 1 191 118 77 66 52F6-4378
0135_01754_b.jpg 1 159 136 79 67 38Z1-0084
0135_03054_b.jpg 1 149 110 71 60 63B7-03323
0135_08228_b.jpg 1 228 100 73 64 59P2-30351
0136_00205_b.jpg 1 180 98 61 51 59M1-36452
0136_00507_b.jpg 1 189 116 74 63 72C1-12511
0136_00659_b.jpg 1 192 103 78 68 59N1-18063
0136_01022_b.jpg 1 229 146 93 82 49B1-04182
0136_01678_b.jpg 1 150 73 90 74 86H7-9591
0136_02503_b.jpg 1 219 131 84 73 54S1-4959
0136_02540_b.jpg 1 195 110 68 59 85B1-17851
0136_02545_b.jpg 1 255 122 89 76 51T4-2133
0136_05068_b.jpg 1 195 76 78 69 62M1-36169
0136_06222_b.jpg 1 187 149 64 54 60B6-28032
0136_07165_b.jpg 1 188 116 76 66 59E1-08058
0137_00194_b.jpg 1 179 76 84 73 59S1-68287
0137_01124_b.jpg 1 272 141 78 66 59L1-59150
0137_01848_b.jpg 1 173 74 84 73 51Y6-7665
0137_01947_b.jpg 1 165 43 80 69 55P4-4641
0137_02503_b.jpg 1 182 60 81 72 54S1-4959
0137_02601_b.jpg 1 196 46 76 67 59T1-51002
0137_05575_b.jpg 1 191 157 78 67 59K1-65072
0137_06221_b.jpg 1 197 125 61 51 59S1-53418
0137_06297_b.jpg 1 193 50 71 61 95DB-01179
0137_06846_b.jpg 1 188 128 80 66 59T1-62133
0137_08135_b.jpg 1 135 139 77 65 59M1-21704
0138_00196_b.jpg 1 201 132 87 73 665S-21319
0138_00331_b.jpg 1 188 178 80 66 85F1-14927
0138_01676_b.jpg 1 156 157 86 75 70SA-0367
0138_04418_b.jpg 1 260 165 71 60 54U5-1223
0138_04577_b.jpg 1 163 149 82 69 79N1-60529
0138_04710_b.jpg 1 183 102 84 71 60C1-23774
0138_05001_b.jpg 1 173 113 87 76 59X2-56462
0138_05250_b.jpg 1 248 81 78 66 60P7-1246
0139_00214_b.jpg 1 223 110 61 54 72L8-6035
0139_01915_b.jpg 1 186 60 71 60 77C1-39373
0139_02551_b.jpg 1 150 76 62 52 59U1-45476
0139_04415_b.jpg 1 200 145 73 58 59T1-56987
0139_05267_b.jpg 1 182 144 65 53 70EA-00557
0139_05725_b.jpg 1 195 145 76 66 86B6-24682
0139_06601_b.jpg 1 188 127 76 64 59K1-14468
0139_06709_b.jpg 1 185 123 58 49 59N1-00018
0139_07138_b.jpg 1 188 133 84 74 54X9-5114
0139_07305_b.jpg 1 258 97 80 70 59T1-60830
0139_07352_b.jpg 1 257 135 76 68 59F1-23865
0139_08121_b.jpg 1 171 45 73 63 66N6-5519
0139_09523_b.jpg 1 153 127 90 76 59B1-35294
0140_00057_b.jpg 1 171 131 74 61 59U1-45781
0140_00065_b.jpg 1 161 131 61 50 59H1-43986
0140_02257_b.jpg 1 167 125 81 71 61D1-07911
0140_02522_b.jpg 1 166 115 79 70 59V1-59716
0140_02549_b.jpg 1 198 193 83 66 59T1-01439
0140_02608_b.jpg 1 206 135 90 80 66P1-5967
0140_04869_b.jpg 1 179 118 78 66 54T1-6084
0140_06114_b.jpg 1 156 63 76 65 79K7-8987
0140_07349_b.jpg 1 251 93 71 62 59L2-31395
0141_00373_b.jpg 1 198 94 78 68 59M1-76054
0141_00718_b.jpg 1 138 71 80 71 59E1-68785
0141_02242_b.jpg 1 204 152 61 49 59V2-15800
0141_04084_b.jpg 1 204 15 82 69 65H9-0714
0141_04768_b.jpg 1 228 34 76 64 79Z1-18589
0141_05568_b.jpg 1 206 106 76 64 51M2-1719
0141_05722_b.jpg 1 215 70 78 68 54L6-4897
0142_00253_b.jpg 1 177 157 79 63 34K2-3664
0142_00769_b.jpg 1 179 109 86 73 51V4-4579
0142_01632_b.jpg 1 147 146 85 70 71B2-51318
0142_01919_b.jpg 1 181 119 76 69 59V1-88114
0142_02093_b.jpg 1 194 40 81 70 51H4-8354
0142_02613_b.jpg 1 213 83 62 51 62N1-32746
0142_06535_b.jpg 1 203 67 67 60 81B1-61386
0143_01360_b.jpg 1 159 134 78 68 89N1-25521
0143_01861_b.jpg 1 195 102 58 53 71B2-17757
0143_02079_b.jpg 1 178 141 78 66 59C1-39916
0143_02510_b.jpg 1 169 157 58 46 59T1-28966
0143_02523_b.jpg 1 135 74 73 62 59F1-56129
0143_02624_b.jpg 1 167 139 83 71 59C2-30513
0143_04342_b.jpg 1 178 144 64 53 59C1-42818
0143_04789_b.jpg 1 191 96 63 51 59M1-56378
0143_04794_b.jpg 1 230 159 68 61 60B2-23567
0143_05732_b.jpg 1 206 33 68 60 59S1-38731
0143_05783_b.jpg 1 169 137 84 75 59M1-21704
0143_05857_b.jpg 1 202 185 74 61 59C1-48275
0143_06806_b.jpg 1 222 118 83 73 70L1-37096
0143_07365_b.jpg 1 217 170 79 70 59P1-89267
0143_08168_b.jpg 1 178 183 78 66 54X2-6487
0143_08257_b.jpg 1 192 101 62 50 71B2-17757
0144_00053_b.jpg 1 126 170 65 52 59H1-02876
0144_00471_b.jpg 1 149 90 74 66 76H1-17550
0144_01003_b.jpg 1 206 162 78 73 59X2-77399
0144_02007_b.jpg 1 112 138 79 66 51K2-8501
0144_02519_b.jpg 1 288 181 94 82 59G1-87671
0144_02600_b.jpg 1 242 191 73 62 59X2-78848
0144_02609_b.jpg 1 194 184 80 67 56P1-9074
0144_02616_b.jpg 1 175 114 72 66 72K1-08989
0144_04987_b.jpg 1 160 77 78 69 59K1-62404
0144_08012_b.jpg 1 188 106 73 62 59S2-41737
0145_00462_b.jpg 1 170 96 78 70 53R8-8556
0145_00573_b.jpg 1 178 100 75 62 59P2-24379
0145_02531_b.jpg 1 155 87 76 61 59C2-46633
0145_02546_b.jpg 1 172 72 73 66 83H6-6954
0145_04083_b.jpg 1 153 105 77 67 59T1-79742
0145_04181_b.jpg 1 172 64 81 71 59X1-49369
0145_04373_b.jpg 1 133 137 77 65 53R9-00844
0145_05660_b.jpg 1 154 119 83 70 59X2-35479
0146_00588_b.jpg 1 167 128 87 76 59L1-94176
0146_01335_b.jpg 1 189 188 71 63 59P2-01920
0146_01640_b.jpg 1 218 95 71 59 59V2-00884
0146_02557_b.jpg 1 248 112 76 67 49F1-08660
0146_04190_b.jpg 1 232 57 68 64 72L6-3974
0146_05460_b.jpg 1 193 73 73 63 54S7-3211
0146_06245_b.jpg 1 145 108 80 64 59F1-45842
0146_06747_b.jpg 1 171 47 78 68 59D2-06428
0147_00127_b.jpg 1 166 136 88 78 49M7-1975
0147_00208_b.jpg 1 182 168 81 69 59N1-74939
0147_00438_b.jpg 1 144 162 83 71 68T9-0223
0147_02217_b.jpg 1 219 89 69 58 59X1-45128
0147_02236_b.jpg 1 254 151 75 65 86H7-9591
0147_02536_b.jpg 1 155 92 75 61 51L8-0104
0147_02594_b.jpg 1 206 0 79 64 59C1-32428
0147_02600_b.jpg 1 202 207 81 67 59X2-78848
0147_04388_b.jpg 1 248 68 78 70 59L2-13938
0147_04452_b.jpg 1 226 103 80 73 49K1-07320
0147_05075_b.jpg 1 199 110 69 57 59N1-74864
0147_05135_b.jpg 1 181 123 67 57 60B2-23567
0147_06572_b.jpg 1 189 56 69 63 59S2-32386
0147_06954_b.jpg 1 185 167 76 63 50HB-2282
0147_06999_b.jpg 1 204 70 71 63 66S1-09018
0147_08012_b.jpg 1 209 102 82 71 59B1-33968
0148_00001_b.jpg 1 185 97 74 63 59E1-34192
0148_00310_b.jpg 1 189 71 73 63 59T1-84807
0148_02583_b.jpg 1 165 223 81 65 59C1-13183
0148_02602_b.jpg 1 194 135 74 64 59U1-77792
0148_04580_b.jpg 1 145 70 72 66 49K1-07320
0148_07249_b.jpg 1 188 71 82 70 60B5-37011
0148_08252_b.jpg 1 173 156 77 67 49B1-20807
0149_00951_b.jpg 1 150 118 77 67 62V1-6814
0149_04489_b.jpg 1 203 75 71 62 59Y1-64831
0149_04597_b.jpg 1 266 125 87 78 49K1-07320
0149_04664_b.jpg 1 127 126 83 70 60C2-36687
0149_04677_b.jpg 1 212 69 57 47 59C1-31162
0149_05370_b.jpg 1 169 167 80 67 52T7-6433
0149_05849_b.jpg 1 169 71 73 65 70G1-13509
0149_06285_b.jpg 1 196 129 78 67 59T1-64417
0149_06389_b.jpg 1 190 156 76 56 72X1-8179
0149_06587_b.jpg 1 182 114 83 73 71H1-9657
0149_08181_b.jpg 1 185 116 70 61 69D1-20415
0150_00416_b.jpg 1 214 95 81 71 60B5-62583
0150_00460_b.jpg 1 147 88 80 71 59T1-59973
0150_01054_b.jpg 1 149 66 82 72 94D1-04771
0150_01360_b.jpg 1 171 112 65 56 59N1-25521
0150_01377_b.jpg 1 130 79 90 77 76V6-3429
0150_01640_b.jpg 1 193 146 80 68 59V2-00884
0150_02256_b.jpg 1 193 178 70 57 66K1-20670
0150_04096_b.jpg 1 205 150 84 73 70B1-55132
0150_04187_b.jpg 1 179 89 75 66 59L1-44716
0150_04802_b.jpg 1 156 169 78 64 59N1-47102
0150_04829_b.jpg 1 201 66 73 63 51S2-5013
0150_05844_b.jpg 1 140 126 78 68 63H2-7326
0150_05851_b.jpg 1 163 44 71 63 59L1-91651
0150_06837_b.jpg 1 228 103 74 64 47R1-4301
0150_08257_b.jpg 1 270 89 72 64 60B2-06370
0151_00052_b.jpg 1 211 229 76 63 59Y1-87304
0151_02013_b.jpg 1 189 70 72 59 93P1-17409
0151_02019_b.jpg 1 158 135 80 71 60B3-25220
0151_04111_b.jpg 1 208 118 81 71 48B1-28807
0151_05192_b.jpg 1 189 123 84 71 37K4-6713
0151_07240_b.jpg 1 179 106 70 59 59E1-65903
0151_08171_b.jpg 1 191 104 71 65 72K1-25476
0151_08249_b.jpg 1 218 127 76 67 52S3-7078
0152_00001_b.jpg 1 177 76 73 62 59E1-34192
0152_00988_b.jpg 1 167 103 80 69 59S2-23546
0152_01985_b.jpg 1 120 130 82 67 51P5-4578
0152_06205_b.jpg 1 221 194 74 60 59P1-12875
0152_08092_b.jpg 1 237 168 84 73 59L1-36261
0153_00460_b.jpg 1 161 73 74 63 59T1-59973
0153_00906_b.jpg 1 205 148 70 58 54H1-5326
0153_02505_b.jpg 1 171 154 75 67 59V1-89158
0153_02530_b.jpg 1 185 89 81 73 59M1-60077
0153_02574_b.jpg 1 137 220 76 63 50N1-07428
0153_03025_b.jpg 1 189 126 83 71 55P6-2004
0153_04351_b.jpg 1 146 105 84 72 54R4-7039
0153_05328_b.jpg 1 245 123 74 63 59S1-35252
0153_06070_b.jpg 1 229 120 76 65 59D1-43391
0154_00518_b.jpg 1 171 75 70 61 64K4-7483
0154_00769_b.jpg 1 183 56 76 64 51V4-4579
0154_01990_b.jpg 1 155 35 77 64 72F1-35507
0154_02212_b.jpg 1 156 94 77 67 54P7-2138
0154_02257_b.jpg 1 147 140 88 77 61D1-07911
0154_02580_b.jpg 1 212 135 78 67 60X9-4808
0154_03021_b.jpg 1 185 175 84 69 63B1-32004
0154_05226_b.jpg 1 192 86 62 51 81B1-26810
0154_06496_b.jpg 1 182 167 82 70 59N1-47102
0154_07191_b.jpg 1 179 139 67 57 59P2-11120
0155_00047_b.jpg 1 237 60 82 74 54X4-1983
0155_00418_b.jpg 1 143 215 96 80 59N1-76654
0155_01305_b.jpg 1 228 147 74 66 59T1-56150
0155_01524_b.jpg 1 204 160 84 79 59H1-59324
0156_04102_b.jpg 1 160 53 68 59 59L4-2110
0156_07336_b.jpg 1 192 149 78 68 59U1-57974
0157_00083_b.jpg 1 169 131 74 64 86C1-07261
0157_00096_b.jpg 1 198 81 80 70 59P2-00263
0157_00906_b.jpg 1 199 194 81 69 54H1-5326
0157_01727_b.jpg 1 117 203 85 72 69D1-05661
0157_01915_b.jpg 1 166 95 78 69 77C1-39373
0157_02500_b.jpg 1 134 87 76 65 51L3-4827
0157_02592_b.jpg 1 247 172 75 63 43D1-06544
0157_05295_b.jpg 1 169 31 76 67 59T1-02309
0158_00834_b.jpg 1 196 161 74 64 59E1-19283
0158_01702_b.jpg 1 217 113 84 74 59F1-03055
0158_05358_b.jpg 1 217 87 61 54 59E1-64516
0158_05596_b.jpg 1 176 131 61 50 59U1-65072
0158_06483_b.jpg 1 182 108 71 64 59E1-19803
0158_06500_b.jpg 1 142 127 76 67 59N1-73948
0158_06656_b.jpg 1 172 107 65 56 59K1-02625
0158_08078_b.jpg 1 192 1 79 69 79D1-07705
0159_00418_b.jpg 1 127 76 76 69 59N1-76654
0159_02276_b.jpg 1 214 76 86 74 59F1-03568
0159_02500_b.jpg 1 191 63 81 72 51L3-4827
0159_02577_b.jpg 1 202 224 84 74 79N1-79117
0159_03023_b.jpg 1 198 58 77 69 92D1-42705
0159_04714_b.jpg 1 194 79 80 71 59S2-28834
0159_04916_b.jpg 1 156 82 74 64 59E1-56347
0159_05256_b.jpg 1 183 135 60 52 59F1-15042
0200_04363_b.jpg 1 196 164 73 63 59K1-64227
0200_05891_b.jpg 1 179 142 78 72 59P2-5963
0200_06533_b.jpg 1 155 109 80 69 54K4-8147
0200_08054_b.jpg 1 135 57 80 70 59C1-53993
0200_08319_b.jpg 1 182 136 81 71 71B2-89897
0200_08375_b.jpg 1 144 142 80 71 63H3-1295
0201_04010_b.jpg 1 175 155 90 80 51K6-1392
0201_05010_b.jpg 1 186 118 81 69 59S1-53418
0201_05131_b.jpg 1 188 81 81 70 59S1-95382
0201_05320_b.jpg 1 222 71 73 63 59S2-44717
0201_06401_b.jpg 1 182 90 71 66 86C1-33139
0202_03024_b.jpg 1 215 95 83 72 53Z2-3502
0202_04129_b.jpg 1 218 141 63 54 59H1-54289
0202_04179_b.jpg 1 211 87 81 71 59F1-09031
0202_04264_b.jpg 1 159 95 81 73 78E1-24113
0202_04589_b.jpg 1 209 94 78 70 67E1-05420
0202_04805_b.jpg 1 187 73 79 70 51Z3-0606
0202_05672_b.jpg 1 194 79 81 74 59H1-40639
0203_00419_b.jpg 1 216 139 83 73 51T1-38506
0203_00488_b.jpg 1 176 185 81 69 59S1-74203
0203_01062_b.jpg 1 213 99 67 58 59F1-54805
0203_02003_b.jpg 1 153 132 78 70 59S2-32928
0203_04832_b.jpg 1 206 105 84 74 79U2-4621
0203_05531_b.jpg 1 201 131 82 74 59S2-54455
0203_06622_b.jpg 1 201 90 65 58 47B1-42642
0203_09520_b.jpg 1 150 63 73 66 54R2-5924
0204_05256_b.jpg 1 196 140 81 69 60B2-36161
0204_07385_b.jpg 1 202 58 78 68 59T1-65550
0205_00471_b.jpg 1 198 83 84 77 76H1-17550
0205_00866_b.jpg 1 168 193 80 69 59C1-61891
0205_04086_b.jpg 1 230 163 60 50 59S1-31197
0205_04478_b.jpg 1 183 149 84 76 59L2-05442
0205_05743_b.jpg 1 162 116 83 73 59X2-36167
0205_06486_b.jpg 1 173 103 74 68 59C1-04054
0205_07100_b.jpg 1 227 191 87 74 77D1-12938
0205_07244_b.jpg 1 198 152 87 73 59T1-18362
0205_08135_b.jpg 1 182 112 86 74 59U1-39997
0206_00158_b.jpg 1 187 109 74 67 59T1-05297
0206_04440_b.jpg 1 171 79 63 54 59N2-43756
0206_05783_b.jpg 1 198 12 84 74 95P2-6027
0206_07127_b.jpg 1 176 120 78 72 71B2-89897
0206_07238_b.jpg 1 178 118 64 56 59N1-76049
0206_08036_b.jpg 1 181 130 70 60 51U8-3423
0207_00521_b.jpg 1 198 60 73 67 54T1-2473
0207_01409_b.jpg 1 176 95 86 77 59D1-43820
0207_04185_b.jpg 1 189 129 60 53 59L1-59720
0207_04299_b.jpg 1 180 122 70 60 54S8-5489
0207_04411_b.jpg 1 211 141 87 77 54N5-6409
0207_06374_b.jpg 1 160 146 77 64 59E1-29660
0207_07240_b.jpg 1 206 161 80 68 59T1-46101
0208_01163_b.jpg 1 204 128 78 69 59P1-52639
0208_01987_b.jpg 1 121 188 83 70 61H5-9381
0208_04293_b.jpg 1 179 112 88 79 59H1-52850
0208_05067_b.jpg 1 196 184 62 50 59T1-66153
0208_06253_b.jpg 1 232 71 75 70 59B1-22119
0208_06505_b.jpg 1 165 110 70 60 59E1-55040
0208_06556_b.jpg 1 197 103 63 56 59S1-39487
0208_07011_b.jpg 1 204 92 75 69 53R5-0201
0209_02619_b.jpg 1 173 41 70 64 59N1-61776
0209_04147_b.jpg 1 186 97 80 70 71S5-5600
0209_04404_b.jpg 1 215 155 83 71 62K1-17929
0209_04563_b.jpg 1 287 109 72 66 59F1-09596
0209_04828_b.jpg 1 264 144 76 72 59F1-18814
0209_05225_b.jpg 1 180 95 77 70 59K1-43840
0209_05405_b.jpg 1 160 79 71 57 59F1-26626
0209_06283_b.jpg 1 235 112 84 73 86B6-21890
0209_06894_b.jpg 1 158 45 83 77 79C1-22177
0209_08007_b.jpg 1 182 83 65 55 54S2-5148
0209_08094_b.jpg 1 178 60 77 66 59D1-01978
0209_08290_b.jpg 1 157 57 73 66 59C1-49684
0210_01045_b.jpg 1 211 149 79 69 59E1-29565
0210_02219_b.jpg 1 120 116 71 59 64D1-21888
0210_04345_b.jpg 1 245 74 85 76 59S1-10393
0210_04453_b.jpg 1 175 113 77 66 59P2-11206
0210_04510_b.jpg 1 184 77 81 71 77Y3-4619
0210_05414_b.jpg 1 234 141 73 65 62K1-17929
0210_06105_b.jpg 1 231 89 81 69 59E1-17936
0210_07395_b.jpg 1 203 118 77 67 66L1-35224
0210_08114_b.jpg 1 198 112 83 73 59C1-03631
0211_00866_b.jpg 1 173 200 82 71 59C1-61891
0211_01098_b.jpg 1 233 102 71 66 59V2-08341
0211_01448_b.jpg 1 97 200 77 66 59E1-53127
0211_04855_b.jpg 1 219 113 77 69 54R2-2733
0211_05326_b.jpg 1 127 134 88 76 67H1-03655
0211_07006_b.jpg 1 244 120 77 70 69U1-3670
0211_08346_b.jpg 1 152 137 85 73 49E1-15383
0212_00158_b.jpg 1 158 80 78 68 59T1-05297
0212_00289_b.jpg 1 169 69 57 51 63B9-63040
0212_01946_b.jpg 1 206 109 81 71 59H1-67791
0212_02007_b.jpg 1 109 115 81 69 51K2-8501
0212_04024_b.jpg 1 167 167 78 70 71H1-5518
0212_06671_b.jpg 1 209 100 83 73 59H1-67791
0212_07303_b.jpg 1 179 109 73 65 54Z7-3400
0213_00318_b.jpg 1 189 119 81 71 59C1-24785
0213_01426_b.jpg 1 185 80 75 70 52F7-3840
0213_02212_b.jpg 1 137 149 88 77 54P7-2138
0213_02232_b.jpg 1 135 89 79 67 59H1-19374
0213_04627_b.jpg 1 168 111 83 72 51S6-3577
0214_04674_b.jpg 1 163 80 83 74 51X9-1894
0214_05762_b.jpg 1 186 102 80 70 79Z1-04811
0214_06062_b.jpg 1 173 188 63 51 59M1-08275
0215_01946_b.jpg 1 173 128 78 73 59H1-67791
0215_04767_b.jpg 1 192 120 62 55 59C1-30923
0215_04770_b.jpg 1 240 59 83 75 77H6-2229
0215_05824_b.jpg 1 181 126 78 74 59H1-67791
0215_05885_b.jpg 1 182 63 81 77 53Z1-1759
0215_06112_b.jpg 1 130 66 83 71 59L1-45900
0215_06197_b.jpg 1 141 122 77 66 59Y1-71364
0216_04264_b.jpg 1 163 61 71 63 71B1-12522
0216_04997_b.jpg 1 188 21 83 67 81H1-2204
0217_00819_b.jpg 1 202 145 77 69 55X1-7546
0217_04676_b.jpg 1 192 71 74 67 59U1-59175
0217_05420_b.jpg 1 163 123 88 79 54L2-9072
0217_05820_b.jpg 1 150 197 81 70 59E1-70535
0218_00868_b.jpg 1 176 142 84 74 59L1-16392
0218_01944_b.jpg 1 42 124 78 69 59K1-13099
0218_06096_b.jpg 1 160 45 74 63 60F1-61750
0219_01300_b.jpg 1 202 102 87 76 63B2-16353
0219_02124_b.jpg 1 150 57 72 63 59E1-42530
0219_02212_b.jpg 1 163 109 64 55 54P7-2138
0219_05090_b.jpg 1 172 4 77 70 59X2-96553
0219_05548_b.jpg 1 281 63 84 76 59X1-37438
0219_05824_b.jpg 1 165 67 73 67 69AB-02673
0219_06384_b.jpg 1 192 64 78 70 59L2-05442
0219_06795_b.jpg 1 169 49 84 73 68X1-21002
0220_05177_b.jpg 1 160 54 74 64 59S2-51295
0220_06089_b.jpg 1 158 181 73 60 59M1-07790
0220_06495_b.jpg 1 166 74 80 71 52F4-1035
0220_06737_b.jpg 1 173 170 91 80 76G1-11649
0220_06743_b.jpg 1 160 136 81 72 59S1-81834
0220_06927_b.jpg 1 158 54 73 63 59P1-33458
0220_08036_b.jpg 1 168 109 73 64 52P2-0878
0221_01394_b.jpg 1 176 86 80 74 66L3-6400
0221_02231_b.jpg 1 168 79 74 66 59V2-45387
0221_04587_b.jpg 1 188 75 75 71 67M2-3789
0221_05115_b.jpg 1 170 155 77 66 54P8-3069
0221_05348_b.jpg 1 196 62 81 71 47H7-5226
0221_06228_b.jpg 1 202 162 79 70 59P2-32334
0221_06536_b.jpg 1 209 130 83 75 82B1-26169
0221_06848_b.jpg 1 169 74 68 61 59X1-36052
0221_07069_b.jpg 1 169 220 88 74 78D1-08469
0221_08150_b.jpg 1 189 171 79 70 16M9-0826
0222_00578_b.jpg 1 214 100 79 71 59S2-28834
0222_01280_b.jpg 1 193 170 83 76 59B1-31459
0222_04772_b.jpg 1 212 113 76 64 59S1-55483
0222_05681_b.jpg 1 258 102 80 71 83C1-17111
0222_05767_b.jpg 1 184 83 70 60 59P2-18900
0222_06987_b.jpg 1 163 142 76 65 52U6-2655
0222_07182_b.jpg 1 163 102 78 67 54V3-8314
0222_07268_b.jpg 1 166 93 78 66 51X9-1894
0222_08157_b.jpg 1 204 93 63 54 62S3-5031
0223_04758_b.jpg 1 194 66 71 63 59L2-32473
0223_05868_b.jpg 1 169 100 74 64 77L1-00895
0223_06130_b.jpg 1 190 86 83 70 60B3-37846
0223_07200_b.jpg 1 245 74 73 69 51H5-8092
0224_01998_b.jpg 1 176 142 91 81 66P1-5739
0224_02215_b.jpg 1 146 153 69 60 54L4-2443
0224_04757_b.jpg 1 215 66 58 54 54K1-6483
0224_04918_b.jpg 1 202 44 73 64 54F3-0096
0224_07070_b.jpg 1 177 116 81 70 60B1-93113
0225_01448_b.jpg 1 173 184 63 52 59E1-53127
0225_01589_b.jpg 1 163 132 88 77 59B1-38559
0225_05464_b.jpg 1 185 85 81 70 36F4-2678
0225_06106_b.jpg 1 253 107 76 69 71H8-8424
0225_06388_b.jpg 1 198 164 75 68 59F1-62919
0225_06697_b.jpg 1 201 30 75 66 59F1-47404
0226_01513_b.jpg 1 179 66 84 74 54L3-6961
0226_06210_b.jpg 1 175 88 63 55 59C2-49200
0227_06215_b.jpg 1 232 94 76 69 59U1-51771
0227_06391_b.jpg 1 188 135 87 77 71B1-11345
0227_07169_b.jpg 1 153 155 60 51 59P2-34276
0227_08385_b.jpg 1 195 44 69 62 69C1-28588
0228_01392_b.jpg 1 227 174 87 70 59H1-04425
0228_01938_b.jpg 1 209 118 84 73 59N1-01425
0228_05851_b.jpg 1 201 61 57 51 60C1-65829
0228_06205_b.jpg 1 184 83 73 65 77M6-3369
0228_08009_b.jpg 1 206 86 73 68 54U4-6484
0229_04927_b.jpg 1 264 128 78 73 59P1-47969
0229_05104_b.jpg 1 165 76 74 67 60B8-59928
0229_05817_b.jpg 1 158 93 71 65 49E1-15383
0229_05899_b.jpg 1 152 58 74 66 54Z1-2997
0229_06802_b.jpg 1 156 39 74 68 59S1-87231
0230_01270_b.jpg 1 165 135 77 70 59V1-09869
0230_02213_b.jpg 1 209 167 87 80 70B1-32168
0230_06967_b.jpg 1 193 126 84 73 59FA-00591
0231_04382_b.jpg 1 178 183 85 71 59T1-32229
0231_04847_b.jpg 1 160 110 80 70 52F3-7458
0231_04861_b.jpg 1 209 51 73 62 51X9-1894
0231_05371_b.jpg 1 185 129 64 54 52S2-4832
0231_05886_b.jpg 1 169 201 73 59 77H1-19025
0231_08286_b.jpg 1 176 38 80 73 60Z7-7813
0232_07283_b.jpg 1 248 183 74 63 53X6-6011
0233_02235_b.jpg 1 196 115 65 56 63B1-40991
0233_04418_b.jpg 1 232 201 78 66 55P4-8831
0233_05608_b.jpg 1 165 164 73 61 59P1-92893
0233_05690_b.jpg 1 192 109 65 58 63B1-40991
0233_05976_b.jpg 1 184 89 83 73 54F3-0667
0233_06177_b.jpg 1 188 64 79 71 59D1-20255
0233_06485_b.jpg 1 176 54 70 63 59Y1-71364
0234_02191_b.jpg 1 155 139 79 69 51R4-2488
0234_04035_b.jpg 1 117 152 88 77 77F1-30577
0234_04594_b.jpg 1 104 89 77 66 53X6-6011
0234_04694_b.jpg 1 181 100 65 54 60B9-38385
0234_05151_b.jpg 1 176 110 61 53 59F1-31316
0234_05215_b.jpg 1 183 86 81 73 55Y1-9833
0234_06540_b.jpg 1 159 74 57 51 59H1-52512
0235_00464_b.jpg 1 163 106 65 59 54Y6-9149
0235_01148_b.jpg 1 138 89 74 63 59Z1-20681
0235_04524_b.jpg 1 199 118 82 76 54T1-9588
0235_04862_b.jpg 1 197 120 78 69 59S2-11998
0235_06933_b.jpg 1 201 131 77 67 59E1-65653
0236_02272_b.jpg 1 215 154 85 74 54H1-4882
0236_04123_b.jpg 1 175 191 61 52 54P7-6117
0236_04184_b.jpg 1 156 64 85 69 54T1-7232
0236_04241_b.jpg 1 172 190 68 59 95H1-12178
0236_04875_b.jpg 1 172 93 74 67 54U5-7119
0236_05259_b.jpg 1 173 150 67 57 59G1-85820
0236_05858_b.jpg 1 186 92 77 66 49E1-15383
0236_08055_b.jpg 1 160 131 75 64 59Y1-91982
0236_08258_b.jpg 1 165 91 81 71 61G1-25122
0237_00523_b.jpg 1 189 168 63 55 51P9-8308
0237_02213_b.jpg 1 255 128 76 67 70B1-32168
0237_04744_b.jpg 1 153 158 77 60 51K5-9102
0237_04858_b.jpg 1 166 128 79 66 59P2-08324
0237_08208_b.jpg 1 247 178 73 65 59C2-42504
0238_00112_b.jpg 1 143 125 80 67 51S5-0082
0238_01814_b.jpg 1 136 158 93 76 78N2-5203
0238_01984_b.jpg 1 206 57 84 74 59L1-13826
0238_03008_b.jpg 1 182 71 82 74 59P1-97255
0238_04133_b.jpg 1 142 89 83 73 59P1-24497
0238_04269_b.jpg 1 173 110 77 66 63B6-13421
0238_04368_b.jpg 1 183 129 80 67 59F1-42819
0238_04479_b.jpg 1 182 122 77 67 76U1-13938
0238_06410_b.jpg 1 185 110 80 68 54P2-8057
0238_07112_b.jpg 1 190 148 86 73 95E1-17763
0238_08297_b.jpg 1 139 35 72 63 51L3-8385
0239_00719_b.jpg 1 147 155 74 62 59X2-67178
0239_01380_b.jpg 1 187 151 65 56 79N1-6788
0239_04588_b.jpg 1 215 15 81 71 59L1-81006
0239_04692_b.jpg 1 245 95 70 66 59L2-31395
0239_04816_b.jpg 1 231 100 73 69 59H1-19466
0239_05654_b.jpg 1 178 92 63 57 59F1-32246
0239_05848_b.jpg 1 219 78 69 60 59X1-37438
0239_05983_b.jpg 1 192 118 73 59 52F3-3586
0239_06155_b.jpg 1 166 47 78 68 54T2-0810
0240_02213_b.jpg 1 137 185 87 75 70B1-32168
0240_04445_b.jpg 1 175 73 80 69 59Z1-13930
0240_05371_b.jpg 1 143 117 71 63 59L1-89475
0240_05813_b.jpg 1 194 100 65 54 81H1-2204
0240_05990_b.jpg 1 136 89 81 70 54L4-2443
0240_06217_b.jpg 1 186 51 70 61 59U1-93221
0240_06439_b.jpg 1 222 116 70 62 59P1-25512
0240_06671_b.jpg 1 194 46 77 68 59T1-46685
0240_06702_b.jpg 1 172 63 70 63 52N5-2030
0241_02252_b.jpg 1 181 135 76 65 82H1-08866
0241_04404_b.jpg 1 164 97 60 53 59Y1-71364
0241_04575_b.jpg 1 157 23 73 66 59L1-82243
0241_05387_b.jpg 1 207 63 71 64 72C1-70989
0241_06153_b.jpg 1 172 97 72 66 60F2-01949
0241_06165_b.jpg 1 254 149 67 53 54P8-1515
0241_06752_b.jpg 1 184 70 72 65 54S2-2148
0241_06976_b.jpg 1 152 157 65 54 61H1-09139
0241_06978_b.jpg 1 191 120 83 73 59S2-29969
0241_08258_b.jpg 1 173 196 72 63 60C1-61675
0242_01591_b.jpg 1 183 184 83 73 92N1-03003
0242_01975_b.jpg 1 177 193 81 71 63S2-0246
0242_04555_b.jpg 1 171 97 81 74 79H5-7630
0242_05642_b.jpg 1 185 72 71 61 59X2-94270
0242_05960_b.jpg 1 173 181 81 67 59K2-01224
0242_06193_b.jpg 1 195 64 80 70 82B1-19789
0242_06436_b.jpg 1 166 165 74 63 94E1-19317
0242_06966_b.jpg 1 205 66 59 50 85R8-3682
0242_07067_b.jpg 1 196 154 61 51 59C2-27415
0242_08139_b.jpg 1 162 63 76 65 59L1-00246
0243_04804_b.jpg 1 199 84 79 69 59E1-72361
0243_04829_b.jpg 1 148 125 78 67 59L1-50899
0243_05046_b.jpg 1 197 79 78 70 59V2-45506
0243_05384_b.jpg 1 183 62 78 64 59V1-71541
0243_05688_b.jpg 1 204 89 73 61 59P1-33163
0243_06072_b.jpg 1 224 59 70 60 59P1-83738
0243_06197_b.jpg 1 232 129 58 47 59H1-35460
0243_06432_b.jpg 1 181 63 81 73 66H6-0786
0243_07306_b.jpg 1 284 123 76 66 59P1-39355
0243_07366_b.jpg 1 145 175 81 73 59B1-25157
0243_08319_b.jpg 1 163 83 80 67 52T5-6177
0244_00257_b.jpg 1 172 209 82 69 54T4-6647
0244_00288_b.jpg 1 132 146 78 67 59S2-31606
0244_04022_b.jpg 1 203 113 63 54 59M1-46204
0244_04045_b.jpg 1 194 90 68 60 59U1-55529
0244_04480_b.jpg 1 212 79 81 73 59G1-15255
0244_05322_b.jpg 1 182 118 76 67 51R5-2701
0244_05397_b.jpg 1 182 67 73 65 54T3-6239
0244_06332_b.jpg 1 202 114 63 53 59L2-11500
0244_06639_b.jpg 1 180 167 81 69 59U1-84366
0245_00460_b.jpg 1 162 89 81 71 59T1-59973
0245_01965_b.jpg 1 204 131 75 66 59T1-29613
0245_04007_b.jpg 1 197 123 78 70 59M1-61406
0245_04612_b.jpg 1 224 90 68 60 53Y3-5614
0245_04694_b.jpg 1 219 63 73 65 61C1-52787
0245_04761_b.jpg 1 212 84 62 53 59E1-00179
0245_05507_b.jpg 1 257 84 75 66 59P1-97255
0245_06837_b.jpg 1 198 54 73 64 61D1-12878
0246_01333_b.jpg 1 137 138 85 77 59C2-46326
0246_02252_b.jpg 1 201 216 88 76 82H1-08866
0246_04148_b.jpg 1 205 99 80 70 51F9-1341
0246_04669_b.jpg 1 191 90 61 54 60C2-00684
0246_04689_b.jpg 1 196 83 80 68 59VA-00843
0246_04692_b.jpg 1 219 129 80 69 49L1-01241
0246_04989_b.jpg 1 192 119 61 51 52T5-6177
0246_05507_b.jpg 1 176 56 71 61 59S1-94422
0246_07355_b.jpg 1 178 57 83 74 59C1-23083
0247_03048_b.jpg 1 156 168 85 76 59FA-00982
0247_04267_b.jpg 1 110 169 77 72 59C2-44333
0247_04916_b.jpg 1 160 120 65 58 59M1-21704
0247_06037_b.jpg 1 247 113 81 71 81G1-13556
0247_06853_b.jpg 1 185 129 76 65 59M1-07790
0247_08138_b.jpg 1 190 60 80 71 59T1-46685
0248_01979_b.jpg 1 179 95 86 74 59M1-71443
0248_02244_b.jpg 1 212 145 80 70 59H1-46704
0248_04462_b.jpg 1 185 185 63 51 59P1-86084
0248_04991_b.jpg 1 235 191 88 79 60B5-11827
0248_06621_b.jpg 1 188 234 80 66 59C2-52795
0248_08125_b.jpg 1 172 141 76 65 67B1-69660
0249_00316_b.jpg 1 206 130 61 53 59U1-46726
0249_00404_b.jpg 1 268 70 83 71 59F1-36564
0249_00586_b.jpg 1 182 139 86 76 59S2-08282
0249_00984_b.jpg 1 181 55 68 57 59P2-31316
0249_02212_b.jpg 1 138 53 72 64 54P7-2138
0249_04799_b.jpg 1 281 162 75 66 59K1-22599
0249_05715_b.jpg 1 289 162 80 73 59M1-07790
0249_05720_b.jpg 1 158 126 82 72 59H1-54792
0249_05926_b.jpg 1 163 132 78 69 59P2-32334
0249_06036_b.jpg 1 180 94 73 61 67G1-06716
0249_07048_b.jpg 1 168 122 81 73 59Y1-92533
0249_08080_b.jpg 1 251 86 74 69 59X1-37438
0249_08308_b.jpg 1 255 45 83 74 54T2-0810
0249_08347_b.jpg 1 179 96 81 70 59F1-71478
0250_02065_b.jpg 1 177 83 73 65 59L2-14999
0250_04249_b.jpg 1 251 84 81 72 49B1-23354
0250_04426_b.jpg 1 168 113 70 64 52Y3-5969
0250_06810_b.jpg 1 186 67 71 63 59L1-48183
0250_07351_b.jpg 1 162 79 75 63 59E1-02993
0251_01938_b.jpg 1 158 107 84 71 59N1-01425
0251_04333_b.jpg 1 265 92 73 69 54S8-5452
0251_04747_b.jpg 1 149 52 78 69 59X2-65176
0251_05043_b.jpg 1 254 172 71 63 59U1-78039
0251_06093_b.jpg 1 142 73 69 59 60FL-7420
0251_06509_b.jpg 1 150 144 86 79 59P2-11206
0251_07030_b.jpg 1 208 75 71 64 76G1-22607
0251_07090_b.jpg 1 162 148 73 64 59D2-13113
0252_01426_b.jpg 1 139 158 88 77 52F7-3840
0252_05497_b.jpg 1 175 140 82 71 49L1-04456
0252_05688_b.jpg 1 210 76 83 70 49K1-20886
0252_06193_b.jpg 1 230 80 61 55 51L3-0352
0252_08125_b.jpg 1 188 161 62 51 59X1-40243
0253_01158_b.jpg 1 151 166 81 73 59F1-54719
0253_01652_b.jpg 1 217 154 74 66 71B1-40140
0253_04437_b.jpg 1 225 90 60 54 59S1-24831
0253_05670_b.jpg 1 231 115 68 65 59Y1-87724
0253_05732_b.jpg 1 167 169 78 61 54S2-5505
0253_05735_b.jpg 1 139 51 58 51 75F1-02991
0253_05888_b.jpg 1 201 67 81 71 59P2-08324
0253_06106_b.jpg 1 225 164 78 71 54S5-4376 
0253_06153_b.jpg 1 241 95 79 69 59P2-23103
0253_06368_b.jpg 1 203 191 70 56 66N1-13034
0253_07090_b.jpg 1 178 73 67 58 52F5-3512
0254_02098_b.jpg 1 185 113 90 77 59S2-14940 
0254_04526_b.jpg 1 154 182 83 72 59Z1-19632
0254_04984_b.jpg 1 186 123 84 73 51S9-3114
0254_05123_b.jpg 1 225 76 72 66 60B7-11557
0254_05925_b.jpg 1 304 92 71 64 77H1-06830
0254_07092_b.jpg 1 202 86 70 62 77C1-22697
0254_08017_b.jpg 1 155 133 77 68 59Z1-26553
0255_03013_b.jpg 1 196 149 64 54 59X2-55150
0255_04602_b.jpg 1 113 90 82 73 59C1-13696
0255_04769_b.jpg 1 187 153 62 54 59L2-31318
0255_05062_b.jpg 1 183 96 75 64 86C1-47515
0255_05272_b.jpg 1 187 89 74 69 93K1-14005
0255_05669_b.jpg 1 225 118 69 59 59B1-33576
0255_06511_b.jpg 1 171 141 74 65 59P1-89267
0255_07272_b.jpg 1 200 58 59 52 59P1-85700
0256_03048_b.jpg 1 187 159 67 56 59FA-00982
0256_04505_b.jpg 1 149 153 73 63 59U1-84366
0256_04748_b.jpg 1 202 83 75 69 59C1-67071
0256_04915_b.jpg 1 169 135 72 60 60C1-35331
0256_05284_b.jpg 1 183 64 84 78 54S9-0621
0256_06104_b.jpg 1 199 127 65 57 59H1-15793
0256_06336_b.jpg 1 162 124 79 70 66P1-51993
0256_06418_b.jpg 1 188 162 79 68 53V7-3196
0256_06559_b.jpg 1 121 83 75 67 54H3-5581
0256_06748_b.jpg 1 166 153 78 63 51L6-8446
0256_06916_b.jpg 1 180 74 83 71 67N1-20886
0256_07076_b.jpg 1 208 131 89 82 51L5-4520 
0256_08083_b.jpg 1 244 58 70 64 59C2-28114
0257_03048_b.jpg 1 228 118 85 79 59FA-00982
0257_04030_b.jpg 1 195 112 87 76 59P1-88847
0257_04207_b.jpg 1 202 143 79 66 59V2-33522 
0257_04316_b.jpg 1 162 90 78 66 54S8-5452
0257_04368_b.jpg 1 244 61 80 75 59L2-31395
0257_05164_b.jpg 1 186 149 88 77 67M5-9687
0257_05420_b.jpg 1 197 163 78 64 71B2-07999
0257_06012_b.jpg 1 185 136 74 64 60B1-49139
0257_06825_b.jpg 1 221 74 61 54 54S8-5452
0257_08272_b.jpg 1 204 95 75 69 78H9-2348
0258_00465_b.jpg 1 138 65 81 71 37E1-19145
0258_02192_b.jpg 1 210 133 79 69 59H1-47751
0258_04125_b.jpg 1 194 117 80 71 52Z8-7327
0258_04132_b.jpg 1 183 136 77 69 79K1-02061
0258_04244_b.jpg 1 159 158 76 66 59P2-32334
0258_05146_b.jpg 1 255 144 73 64 59P2-32334
0258_05228_b.jpg 1 187 109 86 75 54H4-4091
0258_05430_b.jpg 1 297 73 83 77 54F2-3213
0258_05596_b.jpg 1 214 191 81 69 59P1-78999
0258_05844_b.jpg 1 179 131 78 69 59D1-98276
0258_05908_b.jpg 1 189 97 88 76 55Y4-8437
0258_05987_b.jpg 1 190 139 91 80 61S4-0134
0258_06413_b.jpg 1 168 127 70 60 54F4-5279
0258_06866_b.jpg 1 268 120 90 84 59M1-90208
0258_07099_b.jpg 1 136 38 87 77 59F1-49759
0259_00506_b.jpg 1 191 133 90 82 54S5-4463
0259_02136_b.jpg 1 193 204 79 60 54S2-5505
0259_04193_b.jpg 1 172 168 80 68 54S1-6830
0259_04561_b.jpg 1 168 86 74 66 60F1-18319
0259_05991_b.jpg 1 229 201 90 77 59T1-53485
0259_06071_b.jpg 1 178 93 77 73 59T1-65671
0259_06081_b.jpg 1 201 41 83 71 52Z6-7766
0259_06228_b.jpg 1 207 152 83 70 53S3-9152
0300_04128_b.jpg 1 180 70 72 62 59H1-43564
0300_05183_b.jpg 1 162 0 78 69 59D1-13629
0300_05485_b.jpg 1 178 118 81 71 72C1-78916
0300_05565_b.jpg 1 214 97 84 77 59C2-31601
0300_06559_b.jpg 1 169 88 82 71 62H5-7108
0300_06654_b.jpg 1 130 120 76 66 93F1-17078
0300_06692_b.jpg 1 218 145 68 60 71B1-97914
0300_06715_b.jpg 1 188 56 73 69 59C2-01208
0300_07142_b.jpg 1 124 165 90 82 78G1-04308
0300_07384_b.jpg 1 162 78 75 64 59E1-70850
0300_08022_b.jpg 1 254 140 77 68 59M1-90208
0301_01589_b.jpg 1 144 118 87 77 59B1-38559
0301_02272_b.jpg 1 260 120 74 70 54H1-4882
0301_04090_b.jpg 1 134 30 81 73 59S1-09841
0301_06167_b.jpg 1 208 175 80 70 59S2-47061
0301_06356_b.jpg 1 179 140 83 73 81G1-13556
0301_06523_b.jpg 1 190 94 73 61 60F1-50670
0301_06684_b.jpg 1 212 142 78 74 76H1-06161
0301_06728_b.jpg 1 146 111 71 57 59X2-75198
0301_07224_b.jpg 1 202 115 76 69 55P9-2840
0301_08123_b.jpg 1 196 197 60 50 59M1-94458
0302_00286_b.jpg 1 198 74 84 75 60B1-04034
0302_01513_b.jpg 1 240 73 84 73 54L3-6961
0302_02259_b.jpg 1 197 67 81 71 55X8-6970
0302_04345_b.jpg 1 145 110 64 55 67B1-69660
0302_04617_b.jpg 1 188 96 62 51 78H1-02133
0302_05034_b.jpg 1 162 90 75 67 59C2-50621
0302_05381_b.jpg 1 145 43 81 69 52H4-0234
0302_06557_b.jpg 1 192 118 77 66 51V2-3974
0302_07260_b.jpg 1 137 66 74 65 59V2-26310
0302_08192_b.jpg 1 202 41 81 70 59F1-73270
0302_08195_b.jpg 1 249 174 68 57 51H4-9707
0302_08233_b.jpg 1 210 131 88 81 54F2-4106
0302_08253_b.jpg 1 148 107 77 68 54R3-0018
0303_01887_b.jpg 1 139 110 86 73 59D1-88728
0303_06385_b.jpg 1 217 82 84 76 59S2-30319
0303_06563_b.jpg 1 146 96 74 63 52P2-0878
0303_06824_b.jpg 1 192 141 82 71 59F1-68564
0303_07121_b.jpg 1 283 100 85 77 59M1-46204
0304_04071_b.jpg 1 178 89 83 70 59D1-50216
0304_04979_b.jpg 1 242 99 86 80 67B1-69660
0304_05657_b.jpg 1 190 49 73 63 54X9-9300
0304_05676_b.jpg 1 189 67 76 68 59F1-63186
0304_06288_b.jpg 1 191 109 82 80 77F7-9919
0304_06912_b.jpg 1 193 120 75 70 54U5-4316
0304_07392_b.jpg 1 203 118 70 58 54V1-5558
0304_07398_b.jpg 1 152 82 77 66 54U3-9055
0305_01307_b.jpg 1 215 174 80 69 59F1-65171
0305_04101_b.jpg 1 177 196 78 66 59S2-21969
0305_04793_b.jpg 1 268 162 78 69 54T4-0987
0305_06157_b.jpg 1 264 120 90 77 53V7-3196
0305_08221_b.jpg 1 182 172 82 72 59V2-04212
0305_08299_b.jpg 1 168 103 83 76 55P8-9613
0306_04292_b.jpg 1 185 72 85 74 59L1-16511
0306_05088_b.jpg 1 144 69 81 71 53Z1-1759
0306_05636_b.jpg 1 209 114 79 68 59K1-22323
0306_07265_b.jpg 1 208 85 82 72 59E1-08670
0306_07285_b.jpg 1 194 63 76 64 63B9-29219
0307_04182_b.jpg 1 200 157 83 70 59N1-00569
0307_04743_b.jpg 1 209 36 71 64 52U1-9980
0307_05152_b.jpg 1 192 120 83 72 54T5-6168
0307_05979_b.jpg 1 229 70 83 79 59S1-06241
0307_06345_b.jpg 1 204 78 71 64 59V2-09048
0308_01685_b.jpg 1 161 64 81 70 61G1-04305
0308_05320_b.jpg 1 153 107 83 69 78C1-19455
0308_05665_b.jpg 1 155 97 75 67 59X1-21394
0308_06515_b.jpg 1 229 53 81 71 59L2-23164
0308_06731_b.jpg 1 156 61 71 61 59V2-34815
0308_06826_b.jpg 1 170 64 78 69 59X2-67951
0308_06990_b.jpg 1 131 10 81 74 59M1-89404
0308_07234_b.jpg 1 166 161 76 60 54R1-1147
0309_05262_b.jpg 1 199 73 81 73 55X8-2215
0309_06007_b.jpg 1 169 88 74 67 59L2-04775
0309_06495_b.jpg 1 150 49 86 74 71C2-32149
0309_07312_b.jpg 1 199 159 83 72 81G1-00665
0310_05831_b.jpg 1 212 69 77 68 81G1-14710
0310_06199_b.jpg 1 218 134 74 66 59C2-42200
0310_06703_b.jpg 1 247 155 82 68 59P2-21181
0310_07150_b.jpg 1 156 70 75 66 52H4-8060
0311_04070_b.jpg 1 200 62 79 72 62P1-51909
0311_04828_b.jpg 1 155 133 84 71 67B1-00979
0311_05730_b.jpg 1 222 70 78 71 69C1-20591
0311_05772_b.jpg 1 196 67 71 65 59E1-62847
0311_06191_b.jpg 1 174 92 78 72 59P1-71756
0311_08018_b.jpg 1 199 54 73 67 54X3-7676
0311_08207_b.jpg 1 189 109 77 64 59B1-34682
0312_00517_b.jpg 1 150 144 75 61 59P2-11073
0312_05504_b.jpg 1 254 41 80 76 59H1-60591
0312_05588_b.jpg 1 149 160 88 77 79Z1-5804
0312_05600_b.jpg 1 273 76 72 64 59L1-35703
0312_07010_b.jpg 1 156 123 88 79 59L1-67824
0312_08282_b.jpg 1 190 114 77 64 75F1-29830
0313_04096_b.jpg 1 153 125 84 70 59V2-44588
0313_04421_b.jpg 1 191 112 77 71 60B2-36912
0313_04659_b.jpg 1 231 68 82 73 71C2-30079
0313_04662_b.jpg 1 149 83 75 69 69C1-00788
0313_05149_b.jpg 1 156 80 81 75 54N4-6324
0313_05912_b.jpg 1 162 116 81 70 70G1-24552
0313_05945_b.jpg 1 178 83 73 64 59D1-67393
0313_05990_b.jpg 1 156 128 78 66 16F2-6303
0313_06899_b.jpg 1 209 179 70 59 59S2-26754
0313_07153_b.jpg 1 188 108 87 79 72C1-39315
0314_05240_b.jpg 1 190 76 81 74 59B1-37858
0314_06109_b.jpg 1 214 112 79 69 47AB-55999
0314_08293_b.jpg 1 204 100 86 75 47D1-18716
0315_04289_b.jpg 1 186 146 73 61 59V2-48612
0315_04385_b.jpg 1 185 157 80 70 49K1-27144
0315_04519_b.jpg 1 202 96 83 69 54T3-4407
0315_06165_b.jpg 1 193 109 83 76 59D2-17244
0315_08182_b.jpg 1 183 185 79 69 59U1-39380
0316_04080_b.jpg 1 181 84 74 65 22H5-1198
0316_04240_b.jpg 1 173 133 78 70 59N1-54192
0316_04495_b.jpg 1 156 5 81 75 16M2-6315
0316_04905_b.jpg 1 146 69 82 71 59C2-55006
0316_05220_b.jpg 1 142 88 81 74 83P1-99696
0316_05313_b.jpg 1 137 160 83 72 59K1-44076
0316_06166_b.jpg 1 195 133 90 75 60T7-7586
0316_06385_b.jpg 1 168 89 84 72 50N1-02654
0316_06813_b.jpg 1 171 67 71 61 72H5-8794
0316_06919_b.jpg 1 218 57 70 67 54L5-1899
0316_07389_b.jpg 1 166 217 80 68 59S2-12978
0316_08096_b.jpg 1 183 97 83 76 59V1-53310
0317_01998_b.jpg 1 186 37 87 81 66P1-5739
0317_04106_b.jpg 1 166 169 84 71 59K1-96591
0317_04262_b.jpg 1 171 77 78 70 60F2-04565
0317_04508_b.jpg 1 234 135 78 64 59F1-14064
0317_08220_b.jpg 1 181 177 88 79 79N2-09854
0318_04662_b.jpg 1 148 115 85 76 54X4-5335
0318_05008_b.jpg 1 183 119 80 68 49G1-09999
0318_05402_b.jpg 1 251 127 77 69 54L1-8811
0318_05414_b.jpg 1 191 179 87 73 60B6-08880
0318_06155_b.jpg 1 192 148 83 70 60B7-15461
0319_06120_b.jpg 1 222 86 81 71 72C1-05018
0319_06474_b.jpg 1 171 100 81 65 59C2-04837
0319_08008_b.jpg 1 182 82 79 71 71B2-72634
0319_08223_b.jpg 1 216 128 87 74 59L1-38765
0320_04051_b.jpg 1 186 223 86 71 83C1-22234
0320_04642_b.jpg 1 265 90 85 80 59X1-32817
0320_05151_b.jpg 1 173 71 84 73 59U1-56452
0320_05789_b.jpg 1 145 102 84 73 52K3-8683
0320_06867_b.jpg 1 232 73 84 74 43H1-6799
0320_07036_b.jpg 1 199 67 86 76 59C1-28098
0320_08070_b.jpg 1 231 116 90 84 59X1-56419
0321_02076_b.jpg 1 183 131 83 76 79Z1-16792
0321_07303_b.jpg 1 186 142 83 72 54S1-3034
0321_08384_b.jpg 1 221 1 79 70 72K1-08550
0322_05273_b.jpg 1 176 113 84 73 74K1-5866
0322_05697_b.jpg 1 181 27 77 67 59U1-52884
0323_01887_b.jpg 1 160 28 84 73 59D1-88728
0323_05045_b.jpg 1 204 103 83 74 54S7-3211
0323_05688_b.jpg 1 205 144 80 69 59C2-57492
0323_06647_b.jpg 1 138 53 86 79 59K1-84015
0323_07295_b.jpg 1 201 152 80 66 59H1-35460
0323_07320_b.jpg 1 212 85 86 67 47B1-99864
0323_08009_b.jpg 1 232 164 80 71 49B1-03126
0324_00176_b.jpg 1 230 56 89 84 54S4-6869
0324_05324_b.jpg 1 198 110 80 71 59U1-74675
0324_05997_b.jpg 1 149 77 81 70 61B1-61878
0324_06738_b.jpg 1 224 115 82 71 59N1-44291
0324_06812_b.jpg 1 257 93 88 82 59T1-87564
0325_00635_b.jpg 1 182 180 88 70 59L1-78582
0325_01702_b.jpg 1 219 166 93 82 59F1-03055
0325_06296_b.jpg 1 133 92 83 72 54H3-5581
0325_06682_b.jpg 1 192 53 80 67 50DC-3878
0326_02054_b.jpg 1 241 90 91 80 49E1-39941
0326_04340_b.jpg 1 196 130 80 70 37H1-10401
0326_04605_b.jpg 1 169 120 87 73 59X1-21394
0326_04993_b.jpg 1 261 149 88 80 77F1-25389
0326_05383_b.jpg 1 196 67 86 74 59U1-43868
0326_05944_b.jpg 1 177 115 87 80 59T1-14860
0326_06598_b.jpg 1 181 28 83 75 59D1-59989
0326_06770_b.jpg 1 196 118 78 69 51H2-2933
0326_07094_b.jpg 1 148 109 87 76 54T5-4498
0326_08228_b.jpg 1 158 58 84 72 59G1-12671
0327_00137_b.jpg 1 199 113 86 76 59P1-98876
0327_06345_b.jpg 1 163 164 83 74 59T1-74443
0327_06596_b.jpg 1 163 8 81 73 55P2-3999
0327_06891_b.jpg 1 231 136 87 77 51K3-8796
0327_07257_b.jpg 1 296 99 87 80 59P1-94751
0328_05364_b.jpg 1 158 106 88 77 59S2-40065
0328_06476_b.jpg 1 204 128 88 77 59C2-01909
0329_03016_b.jpg 1 148 153 83 70 54M2-9266
0329_05899_b.jpg 1 234 133 81 73 59G1-39357
0329_07048_b.jpg 1 236 132 88 76 54P1-1782
0330_02191_b.jpg 1 233 191 88 80 51R4-2488
0330_05791_b.jpg 1 245 88 73 64 59E1-53139
0330_06134_b.jpg 1 190 163 77 66 59M1-08275
0330_06495_b.jpg 1 259 84 94 89 59V1-52755
0330_06551_b.jpg 1 186 121 81 70 60B4-22155
0330_06648_b.jpg 1 246 60 84 78 54V7-8344
0330_06789_b.jpg 1 211 113 83 70 33M7-3521
0331_01031_b.jpg 1 215 119 78 68 59S1-17816
0331_05175_b.jpg 1 206 102 87 75 59V1-22709
0331_05441_b.jpg 1 245 120 90 80 59V1-85584
0331_05809_b.jpg 1 189 122 82 73 59T1-22189
0332_01588_b.jpg 1 198 93 82 72 81B1-37963
0332_05966_b.jpg 1 272 137 87 77 59K1-22599
0332_06063_b.jpg 1 246 92 80 66 51S9-1699
0332_06410_b.jpg 1 195 134 88 76 59B1-19240
0332_06920_b.jpg 1 182 127 88 77 59C1-06231
0333_00996_b.jpg 1 248 127 95 83 59A3-08011
0333_04136_b.jpg 1 209 122 83 76 51K2-1103
0333_05790_b.jpg 1 245 178 91 81 59F1-32210
0333_08177_b.jpg 1 188 164 79 69 59E1-51207
0334_05481_b.jpg 1 173 45 82 73 54X7-2899
0334_05528_b.jpg 1 200 101 86 74 59P2-14706
0334_06337_b.jpg 1 221 97 83 75 59P2-36511
0335_00509_b.jpg 1 244 80 90 81 52Z6-5061
0335_04394_b.jpg 1 183 100 81 72 84L1-31408
0335_04616_b.jpg 1 171 96 86 71 78C1-14748
0335_06470_b.jpg 1 201 65 81 70 54P7-3982
0335_06620_b.jpg 1 186 71 82 74 52X4-7344
0335_06659_b.jpg 1 189 76 81 70 62K8-5607
0336_04080_b.jpg 1 191 201 91 76 51H3-0809
0336_04266_b.jpg 1 221 84 84 76 59N1-88418
0336_04446_b.jpg 1 206 171 90 82 59E1-18310
0336_06353_b.jpg 1 207 61 81 73 54S5-0882
0336_06896_b.jpg 1 204 116 78 70 67B1-08505
0336_06983_b.jpg 1 171 96 82 73 59F1-11299
0337_05453_b.jpg 1 203 89 82 74 49P1-0580
0338_05880_b.jpg 1 215 99 83 75 49K1-39272
0338_07010_b.jpg 1 201 133 94 78 52F5-3512 
0339_02065_b.jpg 1 215 138 85 74 59L2-14999
0339_06194_b.jpg 1 192 120 79 70 59H1-56197
0339_06244_b.jpg 1 250 77 88 82 51L3-2640
0339_06667_b.jpg 1 193 57 78 70 55P8-7062
0339_06803_b.jpg 1 255 132 84 74 59T1-23977
0339_06863_b.jpg 1 183 128 78 67 59S1-91667
0339_08088_b.jpg 1 162 154 88 77 59C1-61110
0340_04255_b.jpg 1 148 117 86 75 55P8-1120
0340_05917_b.jpg 1 193 185 88 74 52U8-3666
0340_08127_b.jpg 1 165 80 83 71 64Z1-2383
0341_04653_b.jpg 1 155 144 78 69 59M1-97489
0341_06533_b.jpg 1 182 168 77 70 59Y2-76796
0342_05638_b.jpg 1 201 139 78 63 59S1-14991
0342_06015_b.jpg 1 163 60 81 73 56P1-6734
0342_06180_b.jpg 1 137 183 81 67 59T1-83013
0342_06209_b.jpg 1 140 120 82 71 59S1-59559
0342_06293_b.jpg 1 221 86 84 76 51X9-4654
0343_02003_b.jpg 1 188 84 82 71 59S2-32928
0343_04212_b.jpg 1 178 102 84 75 59S2-01572
0343_05474_b.jpg 1 227 122 83 74 54K3-4770
0344_04754_b.jpg 1 199 107 86 73 61N4-0663
0345_00593_b.jpg 1 248 63 86 76 59C2-58256
0346_06965_b.jpg 1 195 120 86 74 59B1-40870
0348_08238_b.jpg 1 160 105 85 75 59H1-19466
0349_00083_b.jpg 1 156 183 90 76 86C1-07261
0350_06252_b.jpg 1 202 54 80 71 67B1-40833
0350_08241_b.jpg 1 173 149 80 69 59P2-20770
0351_00460_b.jpg 1 148 103 84 74 59T1-59973
0351_06025_b.jpg 1 177 135 84 71 71F5-2321 
0351_07377_b.jpg 1 173 141 83 75 54Y9-3476
0352_04726_b.jpg 1 167 65 80 72 59T1-85717
0353_04104_b.jpg 1 215 96 88 79 52F3-8889
0353_05935_b.jpg 1 202 174 80 68 59U1-72979
0353_07318_b.jpg 1 224 86 87 78 59M1-47096
0354_04832_b.jpg 1 186 132 81 70 79H5-8812
0354_05959_b.jpg 1 158 200 81 71 59S1-06865
0354_06693_b.jpg 1 170 98 83 74 59T1-79742
0354_08079_b.jpg 1 180 113 84 76 69F2-2140
0355_04038_b.jpg 1 145 62 80 70 55P4-8426
0355_06858_b.jpg 1 266 105 77 69 59T1-31340
0356_04281_b.jpg 1 268 201 86 73 59P1-33768
0356_04996_b.jpg 1 281 71 84 76 60Y2-2445
0356_05992_b.jpg 1 142 71 78 66 59Y1-67452
0356_06897_b.jpg 1 179 112 86 73 59C1-55980 
0357_04216_b.jpg 1 186 102 83 73 70P1-5900
0357_04509_b.jpg 1 204 67 83 71 59E1-32885
0357_04948_b.jpg 1 193 127 84 74 54F4-4078
0358_01960_b.jpg 1 205 101 81 73 53V4-8609
0358_04877_b.jpg 1 189 99 83 73 59E1-70762
0358_05860_b.jpg 1 219 76 82 73 59V1-55320
0358_06756_b.jpg 1 185 107 85 73 54H2-5463
0359_01806_b.jpg 1 279 138 93 84 52P4-9134
0359_01814_b.jpg 1 149 105 90 74 78N2-5203
0359_05454_b.jpg 1 218 141 80 70 59Y1-73281
0359_06463_b.jpg 1 179 173 86 73 70K1-05963
0359_07002_b.jpg 1 179 96 81 73 54V7-9675
0359_08271_b.jpg 1 212 106 78 67 59N1-07195
0400_00995_b.jpg 1 157 146 91 84 59C1-22851
0400_04390_b.jpg 1 242 114 83 74 71B1-44573
0400_05206_b.jpg 1 250 168 79 70 59M1-60886
0400_05619_b.jpg 1 237 100 78 67 50BA-5557
0400_06373_b.jpg 1 169 132 89 82 79Z1-10184
0401_05012_b.jpg 1 143 102 84 76 54S8-8080
0401_06141_b.jpg 1 268 77 87 78 54F3-9952
0401_06826_b.jpg 1 207 169 83 73 59F1-08501
0402_04374_b.jpg 1 178 46 75 63 49B1-32870
0402_05569_b.jpg 1 189 84 83 76 85D1-05960
0403_04146_b.jpg 1 225 57 81 71 69C1-20591
0403_04247_b.jpg 1 168 131 82 70 59T1-27908
0403_06654_b.jpg 1 203 93 79 71 59H1-41855
0403_07084_b.jpg 1 205 93 80 77 59U1-20274
0403_07322_b.jpg 1 239 70 85 78 62P1-53221
0403_08185_b.jpg 1 211 157 83 72 66N1-10547
0404_00952_b.jpg 1 171 147 84 72 54L5-9913
0405_04598_b.jpg 1 243 69 84 79 54F2-8259
0405_04683_b.jpg 1 163 78 83 70 39F1-5014
0405_04925_b.jpg 1 217 116 85 75 61Z1-2662
0405_05175_b.jpg 1 153 106 88 77 59U1-48850
0405_05419_b.jpg 1 148 139 88 73 61X2-3244
0405_05489_b.jpg 1 177 41 84 76 59T1-55417
0405_06844_b.jpg 1 217 107 81 76 68H2-6613
0406_04580_b.jpg 1 168 177 78 61 55P6-7093
0406_07199_b.jpg 1 134 90 75 64 67E1-06661
0407_01032_b.jpg 1 225 92 83 70 54U4-4199
0407_04150_b.jpg 1 208 112 84 74 54S5-8960
0407_05591_b.jpg 1 178 70 79 69 72C1-52693
0407_05785_b.jpg 1 151 105 77 67 59P1-26989
0407_06979_b.jpg 1 172 8 78 70 63B3-46905
0408_01983_b.jpg 1 181 139 87 78 83P2-13173
0408_04188_b.jpg 1 169 49 81 73 59K1-86559
0408_04297_b.jpg 1 186 1 79 70 59U1-74283
0408_04541_b.jpg 1 145 69 80 73 52T7-4640
0408_06290_b.jpg 1 224 51 83 73 59K1-20173
0408_06793_b.jpg 1 148 122 85 72 47L1-09977
0409_02113_b.jpg 1 227 78 86 82 68LA-00776
0409_04711_b.jpg 1 265 143 75 67 59T1-81439
0409_05079_b.jpg 1 235 121 81 72 53S7-7589
0409_06835_b.jpg 1 168 61 81 74 59L1-10989
0409_08201_b.jpg 1 218 76 81 74 63B4-36920
0410_04799_b.jpg 1 198 38 87 75 53S6-2722
0410_05881_b.jpg 1 179 25 84 74 93B1-17085
0411_00459_b.jpg 1 238 203 78 68 54Z3-2172
0411_04594_b.jpg 1 178 8 81 74 62G1-09736
0411_04882_b.jpg 1 212 83 83 71 59U1-74490
0411_05125_b.jpg 1 204 57 79 70 59S2-08338
0411_05986_b.jpg 1 215 15 77 69 86B2-27765
0411_06415_b.jpg 1 190 73 80 71 59E1-58284
0412_02169_b.jpg 1 137 135 85 74 54F1-6743
0412_05885_b.jpg 1 281 70 84 77 63H5-4588
0412_06384_b.jpg 1 242 111 93 83 59T1-20243
0412_06438_b.jpg 1 202 132 84 73 59M1-48700
0413_02227_b.jpg 1 179 141 85 74 59E1-25297
0413_04489_b.jpg 1 231 145 90 83 54V8-1990
0413_05705_b.jpg 1 172 66 77 72 59D2-17148
0413_05980_b.jpg 1 201 109 84 73 52F3-1770
0413_06425_b.jpg 1 246 124 86 79 59A3-03615
0414_04350_b.jpg 1 168 82 83 74 59T1-03617
0414_05793_b.jpg 1 168 55 87 77 54S8-4120
0415_00096_b.jpg 1 219 120 86 74 59P2-00263
0415_05278_b.jpg 1 211 107 82 73 84L1-32547
0415_05834_b.jpg 1 205 102 82 74 59P2-03165
0415_06767_b.jpg 1 231 157 87 77 60R6-1172
0415_07357_b.jpg 1 222 82 81 76 59T1-27957
0416_05808_b.jpg 1 171 92 79 69 59C1-47167
0416_06988_b.jpg 1 237 132 92 83 59C1-23682
0416_08281_b.jpg 1 218 102 84 74 59V2-46589
0417_04895_b.jpg 1 194 125 81 73 68N1-08117
0417_06790_b.jpg 1 196 134 88 78 86B1-14630
0417_07090_b.jpg 1 203 117 87 77 59C1-39113
0418_00288_b.jpg 1 137 127 88 78 59S2-31606
0418_04283_b.jpg 1 152 61 86 79 93L1-23882
0418_04444_b.jpg 1 161 168 85 80 59S2-45275
0418_05006_b.jpg 1 126 100 84 74 59X1-49573
0418_05686_b.jpg 1 208 60 79 69 71S5-7611
0418_06123_b.jpg 1 197 94 83 72 78E1-24113
0419_04383_b.jpg 1 165 142 84 79 55P6-0839
0419_05387_b.jpg 1 255 66 84 78 63B5-12534
0420_01152_b.jpg 1 252 195 88 74 59F1-70424
0420_04686_b.jpg 1 261 107 88 86 59N1-87957
0420_05895_b.jpg 1 208 71 82 73 59U1-51595
0420_06243_b.jpg 1 183 41 74 65 72L9-3441
0420_06577_b.jpg 1 247 104 85 77 59X1-24340
0420_08001_b.jpg 1 191 93 84 73 54N9-5449
0421_00288_b.jpg 1 132 124 90 78 59S2-31606
0421_04489_b.jpg 1 231 124 88 85 86B6-22670
0421_05609_b.jpg 1 190 114 84 76 54V3-9264
0421_06749_b.jpg 1 172 97 81 73 59T1-27242
0421_07168_b.jpg 1 182 54 70 62 59M1-97580
0421_08091_b.jpg 1 146 101 83 73 59C2-62872
0421_08195_b.jpg 1 247 97 89 81 54T5-2159
0422_05807_b.jpg 1 250 148 90 82 59X2-97772
0422_06382_b.jpg 1 186 74 84 77 59H1-43727
0422_06869_b.jpg 1 202 110 85 77 69D1-04258
0423_04629_b.jpg 1 207 188 77 65 59P2-11179
0423_04863_b.jpg 1 180 97 65 57 59U1-09278
0423_06266_b.jpg 1 188 139 78 65 59H1-60919
0424_00288_b.jpg 1 137 123 88 75 59S2-31606
0424_04080_b.jpg 1 258 131 83 76 59T1-35415
0424_04500_b.jpg 1 254 136 87 76 51LD-5634
0424_04778_b.jpg 1 180 210 91 81 59X2-91011
0424_06031_b.jpg 1 184 154 78 67 59T1-64455
0424_07398_b.jpg 1 182 67 81 73 54F3-7071
0425_04108_b.jpg 1 126 74 86 74 59C1-43017
0425_04118_b.jpg 1 155 96 84 72 67M2-5949
0425_04576_b.jpg 1 240 122 81 77 51S5-7559
0425_04927_b.jpg 1 173 34 77 67 47C1-15294
0425_05279_b.jpg 1 150 93 86 71 59F1-32210
0425_05580_b.jpg 1 255 89 88 85 51M2-1890
0425_07085_b.jpg 1 131 35 81 74 60N5-52333
0425_07246_b.jpg 1 194 208 97 83 59Y1-54776
0426_05655_b.jpg 1 202 77 84 72 51R3-0737
0426_06154_b.jpg 1 257 51 84 80 54R3-9587
0426_06591_b.jpg 1 186 79 83 75 93F1-24985
0427_01058_b.jpg 1 211 180 80 67 59T1-80203
0427_04665_b.jpg 1 228 55 84 80 63F6-8411
0427_05233_b.jpg 1 176 129 76 69 59X2-62721
0427_05940_b.jpg 1 195 87 83 74 83P2-41457
0427_06378_b.jpg 1 185 182 78 70 59D1-78262
0427_06843_b.jpg 1 209 180 80 65 59T1-80203
0427_07095_b.jpg 1 131 57 86 73 59C2-41473
0427_08390_b.jpg 1 213 105 87 82 59B1-23468
0428_04065_b.jpg 1 171 140 85 77 77F1-21626
0428_04182_b.jpg 1 188 97 74 66 59T1-11692
0428_04433_b.jpg 1 208 162 79 67 47C1-13770
0428_04599_b.jpg 1 218 45 81 74 62L1-20995
0428_05625_b.jpg 1 186 73 84 75 54U3-9055
0428_05886_b.jpg 1 219 68 82 77 59V1-59230
0428_05962_b.jpg 1 192 106 88 75 72T2-8629
0428_06843_b.jpg 1 177 86 83 72 64C1-04262
0428_06899_b.jpg 1 257 130 84 76 52P3-9520
0428_07026_b.jpg 1 219 99 76 67 63B3-04426
0428_07359_b.jpg 1 201 119 74 67 59M1-06028
0428_08142_b.jpg 1 240 59 73 66 60B3-16391
0429_01150_b.jpg 1 245 92 77 69 60U2-9890
0429_04135_b.jpg 1 159 59 80 69 77X6-9544
0429_04989_b.jpg 1 267 113 92 84 54T2-3353
0429_05044_b.jpg 1 181 83 80 72 48B1-31442
0429_05226_b.jpg 1 297 116 89 79 92L8-7156
0429_05375_b.jpg 1 219 123 86 73 59H1-32122
0429_05390_b.jpg 1 204 39 84 74 59U1-76947
0429_05755_b.jpg 1 272 104 91 83 51L2-0352
0429_06284_b.jpg 1 165 104 78 66 59P1-98663
0429_07077_b.jpg 1 199 167 87 80 76K3-3694
0429_07243_b.jpg 1 183 95 83 75 54N4-6324
0429_08380_b.jpg 1 209 146 88 76 59D1-65455
0430_01270_b.jpg 1 179 126 84 74 59V1-09869
0430_04601_b.jpg 1 191 106 75 62 33M7-3521
0430_04666_b.jpg 1 274 73 75 68 51H2-4476
0430_05333_b.jpg 1 235 144 83 73 59C2-57472
0430_05905_b.jpg 1 236 114 71 67 54S4-4283
0430_05970_b.jpg 1 207 136 87 77 59A3-08642
0430_06426_b.jpg 1 177 70 76 66 54N6-4172
0430_06439_b.jpg 1 202 203 80 66 59S1-59694
0430_06487_b.jpg 1 184 60 77 68 49B1-51183
0430_07250_b.jpg 1 207 61 82 70 93F1-26479
0430_08117_b.jpg 1 193 64 71 63 59L2-11347
0430_08374_b.jpg 1 201 97 88 76 59U1-86123
0431_05890_b.jpg 1 190 206 81 69 49K1-38886
0432_04307_b.jpg 1 192 96 79 67 62AP-00270
0432_05354_b.jpg 1 179 213 81 69 59F1-75031
0432_05979_b.jpg 1 204 86 74 67 62K5-1250
0432_06360_b.jpg 1 200 117 77 69 59U1-62231
0432_08079_b.jpg 1 171 148 74 58 54S1-9755
0432_08135_b.jpg 1 172 86 83 70 55P7-1233
0432_08145_b.jpg 1 274 142 88 78 59S1-44895
0433_02129_b.jpg 1 194 110 83 77 55P1-0009
0433_04098_b.jpg 1 205 1 77 63 54U5-7406
0433_04683_b.jpg 1 155 63 81 71 71C2-36563
0433_04797_b.jpg 1 228 74 78 77 63B2-23399
0433_05476_b.jpg 1 229 87 78 70 59G1-25121
0433_07371_b.jpg 1 208 168 80 69 59H1-34159
0434_04321_b.jpg 1 198 142 86 75 79Z1-5804
0434_04799_b.jpg 1 166 67 72 64 59U1-11444
0434_05195_b.jpg 1 208 128 92 83 59F1-76597
0434_06493_b.jpg 1 153 41 85 77 54V8-5033
0435_01526_b.jpg 1 166 67 80 67 79L4-0995
0435_02056_b.jpg 1 196 131 77 66 47K2-9950
0435_04232_b.jpg 1 186 150 84 71 59V2-24614
0436_01393_b.jpg 1 195 78 84 77 62K1-09571
0436_04395_b.jpg 1 166 17 80 70 59S1-75715
0436_05417_b.jpg 1 158 226 84 67 60F1-41516
0437_04839_b.jpg 1 178 78 79 71 59G1-96577
0437_05078_b.jpg 1 166 13 86 73 63V5-0914
0438_04055_b.jpg 1 188 95 77 64 59F1-54573
0438_04896_b.jpg 1 173 161 77 63 59S1-41803
0438_05376_b.jpg 1 242 116 74 66 59C1-28740
0438_05672_b.jpg 1 163 69 85 73 94K1-00202
0438_05738_b.jpg 1 141 121 80 71 59F1-52478
0438_05958_b.jpg 1 194 50 81 75 59S1-71398
0438_06085_b.jpg 1 106 136 81 69 59L1-49944
0438_08197_b.jpg 1 148 116 80 71 84E1-26377
0439_04275_b.jpg 1 205 128 83 74 59L1-97998
0439_05146_b.jpg 1 206 146 80 69 59P2-23930
0439_05423_b.jpg 1 286 94 77 69 52S2-4832
0439_05845_b.jpg 1 213 183 80 71 67C1-08347
0439_06197_b.jpg 1 232 107 84 74 52P8-7232
0439_06699_b.jpg 1 211 100 79 67 59N1-53782
0439_06768_b.jpg 1 261 89 90 83 83C1-17111
0439_07048_b.jpg 1 201 157 78 69 54P2-4739
0439_07297_b.jpg 1 242 164 86 76 59H1-63602
0440_04502_b.jpg 1 214 123 90 80 78C1-23179
0440_04793_b.jpg 1 258 86 87 80 59S2-23245
0440_05207_b.jpg 1 264 115 86 79 72K6-7070
0440_06780_b.jpg 1 238 71 84 79 59L1-18044
0440_08382_b.jpg 1 183 46 79 73 61D1-47834
0441_02056_b.jpg 1 127 153 91 77 47K2-9950
0441_04007_b.jpg 1 194 52 80 70 81U1-00276
0441_04554_b.jpg 1 256 82 84 80 47N7-6992
0441_06077_b.jpg 1 161 71 85 71 59C1-32502
0442_00176_b.jpg 1 235 133 93 87 54S4-6869
0442_01393_b.jpg 1 190 105 78 72 62K1-09571
0442_05239_b.jpg 1 227 146 79 68 59A3-08640
0442_05398_b.jpg 1 206 118 87 77 59V2-18744
0442_05448_b.jpg 1 183 104 86 74 59K1-85250
0442_06183_b.jpg 1 168 69 78 72 59X1-41819
0442_09523_b.jpg 1 111 134 90 76 59B1-35294
0443_04187_b.jpg 1 235 122 85 74 59F1-82787
0443_04382_b.jpg 1 178 126 86 70 59P1-29381
0443_04873_b.jpg 1 188 131 67 58 59T1-45577
0443_05508_b.jpg 1 169 187 76 62 85B1-02836
0443_06465_b.jpg 1 183 171 88 81 76U1-15178
0444_00002_b.jpg 1 183 63 69 63 51U7-4598
0444_00532_b.jpg 1 264 135 86 77 59P1-66480
0444_04878_b.jpg 1 174 144 87 79 71S3-9276
0444_06098_b.jpg 1 186 38 70 65 62N1-36934
0444_06204_b.jpg 1 158 73 82 71 54H3-3457
0444_06918_b.jpg 1 179 100 77 65 51F6-9090
0444_08080_b.jpg 1 143 146 84 70 59C1-16349
0444_08178_b.jpg 1 213 120 86 76 59S1-99891
0444_08185_b.jpg 1 244 155 95 83 59F1-18461
0445_04622_b.jpg 1 225 162 85 74 59N1-93305
0445_04734_b.jpg 1 223 80 79 73 63H5-1336
0445_05932_b.jpg 1 199 132 80 71 59V1-92411
0445_05986_b.jpg 1 158 126 85 74 59X1-69592
0445_06130_b.jpg 1 203 137 78 69 59T1-62133
0445_06276_b.jpg 1 169 70 73 65 54M2-5694
0446_01587_b.jpg 1 190 109 80 68 47N9-0859
0446_04981_b.jpg 1 202 45 80 69 59H1-52697
0446_05976_b.jpg 1 175 70 82 74 54U2-5965
0446_06105_b.jpg 1 233 120 91 84 63H3-1295
0447_06967_b.jpg 1 205 141 85 70 59T1-55424
0448_01896_b.jpg 1 156 99 90 74 59E1-28343
0448_01897_b.jpg 1 140 110 80 63 51H3-2153
0448_04294_b.jpg 1 260 76 84 79 78K1-00677
0448_08176_b.jpg 1 176 67 81 73 52U4-0050
0449_04084_b.jpg 1 247 184 91 82 59S1-95762
0449_05018_b.jpg 1 219 84 83 74 59B1-32267
0449_06870_b.jpg 1 173 99 84 72 54L5-5031
0450_02271_b.jpg 1 204 129 68 58 59M1-87668
0450_05266_b.jpg 1 201 86 79 71 59V1-91460
0450_05991_b.jpg 1 251 205 95 79 72D1-08682
0450_06152_b.jpg 1 261 115 87 79 59M1-11811
0450_06376_b.jpg 1 248 63 86 76 93E1-05119
0451_04382_b.jpg 1 134 139 83 70 53P2-4531
0451_04783_b.jpg 1 199 135 82 68 50XA-5535
0451_07396_b.jpg 1 185 68 83 69 68X1-22306
0451_08156_b.jpg 1 195 54 78 69 94B1-19580
0452_02096_b.jpg 1 162 143 88 76 59D1-06399
0452_05433_b.jpg 1 222 59 80 70 59C2-56237
0452_06089_b.jpg 1 194 84 83 70 54L69-9606
0453_00096_b.jpg 1 187 83 61 55 59P2-00263
0453_05278_b.jpg 1 201 97 80 67 43G1-13684
0453_05979_b.jpg 1 153 133 67 57 85C1-23992
0453_06762_b.jpg 1 210 167 78 58 52T8-5761
0453_06799_b.jpg 1 192 153 60 50 54P4-8871
0453_07373_b.jpg 1 200 198 79 67 59T1-00381
0454_04259_b.jpg 1 194 64 58 51 59S2-08418
0454_04818_b.jpg 1 170 127 77 69 59H1-46828
0454_04926_b.jpg 1 182 124 82 71 59D1-00444
0454_06993_b.jpg 1 164 68 81 67 60V7-7002
0454_08363_b.jpg 1 198 90 61 54 59G1-86895
0455_01897_b.jpg 1 181 223 83 64 51H3-2153
0455_02271_b.jpg 1 228 105 87 77 59M1-87668
0455_06303_b.jpg 1 259 91 86 76 81B1-38746
0455_08050_b.jpg 1 233 86 84 78 65L1-08396
0456_04115_b.jpg 1 203 100 85 73 59S1-67082
0456_05106_b.jpg 1 196 75 83 76 82B1-19789
0456_05554_b.jpg 1 146 83 74 63 51H4-2822
0456_06380_b.jpg 1 140 78 81 66 33M7-3521
0457_05563_b.jpg 1 153 131 73 56 30F1-4765
0457_06440_b.jpg 1 224 56 79 67 59H1-55556 
0457_08327_b.jpg 1 191 141 81 71 61B1-36588
0458_04121_b.jpg 1 186 130 86 73 59S2-46039
0458_04136_b.jpg 1 181 155 77 65 29D1-63516
0458_04330_b.jpg 1 202 144 84 75 59K1-64301
0458_04430_b.jpg 1 218 87 85 71 79D1-15814
0458_05551_b.jpg 1 244 126 78 69 51R3-2161
0458_06268_b.jpg 1 155 117 80 67 51L1-8088
0458_06343_b.jpg 1 237 103 79 64 29B1-10559
0458_06419_b.jpg 1 175 85 73 61 75H2-8428
0459_00316_b.jpg 1 225 125 80 71 59U1-49726
0459_04363_b.jpg 1 217 101 72 59 61C1-22609
0459_04862_b.jpg 1 150 59 77 63 43S6-0133
0459_05434_b.jpg 1 171 148 78 64 68K4-9407
0459_05782_b.jpg 1 180 151 81 70 59M1-81859
0459_05823_b.jpg 1 247 124 94 84 54Y8-8280
0459_07112_b.jpg 1 194 216 90 79 59B1-33872
0459_07314_b.jpg 1 172 100 77 66 65U2-4787
0459_08033_b.jpg 1 206 126 81 71 59F1-13230
0500_01639_b.jpg 1 264 175 88 79 72H1-17359
0500_01890_b.jpg 1 164 104 76 65 59E1-50988
0500_06208_b.jpg 1 248 168 79 70 86X1-5955
0500_06611_b.jpg 1 195 110 77 66 59F1-84587
0500_07340_b.jpg 1 193 145 76 65 59S1-26208
0500_08181_b.jpg 1 201 113 81 75 59Y1-86494
0501_05229_b.jpg 1 186 180 75 64 55X2-0010
0501_05264_b.jpg 1 215 73 79 70 50T2-7594
0501_05321_b.jpg 1 175 107 70 64 59C1-30543
0501_05807_b.jpg 1 187 126 71 63 59C2-32477
0501_05881_b.jpg 1 163 83 76 66 51Z7-4533
0501_05973_b.jpg 1 193 86 75 69 16L9-5425
0501_06978_b.jpg 1 167 48 73 61 59M1-52576
0502_01661_b.jpg 1 192 217 74 63 54L5-3444
0502_04335_b.jpg 1 136 96 81 71 49B1-45348
0502_05172_b.jpg 1 171 106 82 71 59C1-67790
0502_05240_b.jpg 1 186 146 89 79 92H1-42107
0502_05334_b.jpg 1 159 73 80 71 51H3-6696
0502_05391_b.jpg 1 168 133 86 73 16P9-6204
0502_06492_b.jpg 1 162 104 85 77 60U2-9125
0502_06605_b.jpg 1 264 111 86 79 59TA-00329
0502_06635_b.jpg 1 183 118 72 60 59M1-97372
0502_06701_b.jpg 1 180 126 75 64 59S1-44895
0502_06710_b.jpg 1 178 208 78 64 66L1-26685   
0502_07225_b.jpg 1 168 185 82 77 59S1-78384
0503_04096_b.jpg 1 204 109 71 63 93C1-02079
0503_04455_b.jpg 1 191 86 76 64 59F1-25123
0503_04738_b.jpg 1 173 63 80 69 79N1-18893
0503_04858_b.jpg 1 145 119 73 61 77F1-28472
0503_05243_b.jpg 1 235 92 77 71 59E1-49285
0503_05760_b.jpg 1 196 107 71 58 59C1-43689
0503_06344_b.jpg 1 182 185 81 66 59H1-41296
0503_06352_b.jpg 1 166 71 77 66 77X4-6391
0504_01851_b.jpg 1 168 107 76 66 59E1-58720
0504_05562_b.jpg 1 185 64 70 63 54X8-2567
0504_05844_b.jpg 1 163 131 69 54 59B1-29117
0504_05846_b.jpg 1 196 93 78 76 59S1-49525
0504_06374_b.jpg 1 192 166 78 70 59T1-46457
0504_06601_b.jpg 1 251 38 78 74 59C1-35132
0504_06776_b.jpg 1 171 113 83 77 59F1-09865
0505_00420_b.jpg 1 158 170 80 69 59C1-65515
0505_04193_b.jpg 1 178 87 76 66 59V2-14465
0505_04300_b.jpg 1 181 109 81 70 59V1-45217
0505_04350_b.jpg 1 201 70 72 65 59X1-69592 
0505_04736_b.jpg 1 254 100 75 67 59F1-59997
0505_04793_b.jpg 1 231 103 87 78 59P2-15270
0505_04873_b.jpg 1 242 84 79 70 86K4-4446
0505_05218_b.jpg 1 214 111 81 70 86AA-01079
0505_05633_b.jpg 1 177 181 70 57 59M1-75012
0505_05700_b.jpg 1 156 186 73 61 59B1-01554
0505_06413_b.jpg 1 230 120 90 82 50N1-12582
0505_06740_b.jpg 1 245 164 76 67 59V2-21604
0505_06968_b.jpg 1 117 90 75 66 93F9-4406
0506_02604_b.jpg 1 194 124 85 76 93P1-79867
0506_05556_b.jpg 1 169 92 70 64 67M1-36037
0506_06676_b.jpg 1 124 159 82 68 47B1-77040
0506_06698_b.jpg 1 164 102 74 67 51P7-4022
0506_06824_b.jpg 1 163 105 77 68 47R1-2443
0506_06887_b.jpg 1 134 138 70 60 22B1-22701
0506_07070_b.jpg 1 208 125 77 69 59D1-85619
0507_00661_b.jpg 1 165 176 81 68 59K1-56958
0507_06392_b.jpg 1 189 75 78 67 86B3-40430
0507_08104_b.jpg 1 173 57 77 67 59S1-63497
0508_04535_b.jpg 1 197 207 74 66 84L1-27271
0508_05264_b.jpg 1 163 92 77 66 59K1-69323
0508_05465_b.jpg 1 167 111 83 71 59Y1-60271
0508_06228_b.jpg 1 179 135 77 66 60B9-15781
0508_06535_b.jpg 1 150 152 77 67 77G1-25759
0508_06887_b.jpg 1 200 167 77 64 59T1-92715
0508_07262_b.jpg 1 172 101 76 65 61C1-61407
0508_07355_b.jpg 1 202 74 79 67 79N2-2094
0508_07365_b.jpg 1 156 122 83 76 60B5-58583
0508_08395_b.jpg 1 160 112 86 77 54Y9-9149
0509_01945_b.jpg 1 209 74 86 77 59M9-0589 
0509_04070_b.jpg 1 182 148 76 58 54U2-4957
0509_04094_b.jpg 1 199 6 78 70 59F1-21926
0509_05645_b.jpg 1 212 110 76 63 59S1-00685
0510_05493_b.jpg 1 182 53 80 70 63H4-0538
0510_05717_b.jpg 1 207 172 78 67 59G1-61590
0510_06059_b.jpg 1 170 163 75 63 59S2-40017
0510_06621_b.jpg 1 175 209 91 77 59E1-63978
0510_07155_b.jpg 1 290 204 91 79 59Z2-05456
0510_07350_b.jpg 1 203 114 80 67 59L1-53122
0511_02302_b.jpg 1 293 158 78 67 59V1-67747
0511_04171_b.jpg 1 160 99 83 73 52U8-4577
0511_04825_b.jpg 1 241 166 68 59 65X4-4850
0511_05671_b.jpg 1 205 159 74 64 59T1-86782
0511_05801_b.jpg 1 209 69 77 68 50N1-18689
0511_05872_b.jpg 1 217 177 77 66 59L2-27345
0511_07101_b.jpg 1 266 145 75 69 52P2-8146
0512_04241_b.jpg 1 202 53 82 74 72F1-31144
0512_04960_b.jpg 1 222 48 83 74 84G1-22593 
0512_05364_b.jpg 1 170 141 86 74 78H1-00111
0512_05758_b.jpg 1 234 107 89 81 54P4-6793
0512_06410_b.jpg 1 260 61 84 74 54T1-4995
0512_08166_b.jpg 1 180 165 71 60 59P2-13159
0512_08200_b.jpg 1 268 97 77 70 54Z8-8767
0512_08348_b.jpg 1 249 71 72 60 59C1-31162
0512_09669_b.jpg 1 166 165 76 66 59C1-25318
0513_00490_b.jpg 1 173 139 83 71 59F1-13860
0513_02547_b.jpg 1 133 119 87 74 54Z3-1084
0513_05925_b.jpg 1 209 161 78 65 54L4-8348
0513_06166_b.jpg 1 253 124 78 66 59D1-83414
0513_06538_b.jpg 1 233 115 90 82 59T1-34738
0513_08088_b.jpg 1 205 171 83 73 79N1-25990
0513_08387_b.jpg 1 212 147 81 68 59L1-60778
0514_04561_b.jpg 1 163 123 77 66 59V2-08217
0514_04800_b.jpg 1 196 139 86 77 51R3-2161
0514_06355_b.jpg 1 186 158 84 71 59C2-59392
0514_06714_b.jpg 1 199 126 87 76 55P8-4339
0514_07178_b.jpg 1 153 119 86 76 54H2-2721
0514_08304_b.jpg 1 165 156 77 64 59F1-20066
0515_01686_b.jpg 1 173 86 81 70 54K4-0723
0515_04761_b.jpg 1 199 131 78 70 73G1-17544
0515_07185_b.jpg 1 200 125 78 72 59U1-84900
0516_00491_b.jpg 1 165 100 75 65 51F5-8028
0516_04394_b.jpg 1 212 64 82 78 59D2-06973
0516_05104_b.jpg 1 158 123 86 74 79H3-4211
0516_05944_b.jpg 1 228 149 84 71 59C1-70773
0516_06155_b.jpg 1 207 132 82 72 67L1-33525
0516_06669_b.jpg 1 169 102 71 60 59U1-91897
0516_08254_b.jpg 1 209 110 82 73 59V1-77832
0516_08291_b.jpg 1 271 95 94 87 59N1-87173
0517_01945_b.jpg 1 185 82 89 79 59M9-0589
0517_05164_b.jpg 1 214 119 77 67 59M1-53773
0517_05181_b.jpg 1 236 210 89 76 60B3-22083
0517_05352_b.jpg 1 205 43 83 71 55X8-6503
0517_06847_b.jpg 1 208 204 77 67 59N2-31428
0517_08174_b.jpg 1 151 99 81 70 59Z2-02768
0518_04355_b.jpg 1 220 142 76 66 54T3-4538
0518_04948_b.jpg 1 185 147 78 67 59C2-59392
0518_05604_b.jpg 1 259 136 85 74 59D1-08861
0518_07075_b.jpg 1 192 121 77 66 59K1-99217
0518_07154_b.jpg 1 205 151 78 67 64K1-04343
0518_08079_b.jpg 1 222 118 87 82 59N1-73948
0519_00462_b.jpg 1 230 90 69 64 55R8-8556
0519_02272_b.jpg 1 231 117 75 70 54H1-4882
0519_02301_b.jpg 1 127 149 76 64 59Y1-58447
0519_02570_b.jpg 1 224 193 86 73 59D1-67023
0519_02575_b.jpg 1 222 196 75 63 54S9-2073
0519_04299_b.jpg 1 214 135 78 71 66S1-12239
0519_04373_b.jpg 1 222 198 76 60 54S9-2073
0519_04391_b.jpg 1 202 147 70 61 59S2-01079
0519_04671_b.jpg 1 175 142 80 68 94K1-2426
0519_05493_b.jpg 1 173 159 84 74 72H7-3227
0519_05712_b.jpg 1 182 118 71 61 59T1-60574
0519_05715_b.jpg 1 162 128 79 67 59T1-00985
0519_06353_b.jpg 1 179 104 83 70 59E1-04744
0519_06635_b.jpg 1 166 61 72 61 54L4-8062
0519_06917_b.jpg 1 243 159 77 67 54T1-1850
0519_08151_b.jpg 1 235 53 78 69 59C1-31162
0519_08310_b.jpg 1 176 132 87 75 59P2-23050
0520_00060_b.jpg 1 205 95 83 73 59P1-33202
0520_04388_b.jpg 1 162 50 82 70 59F1-16692
0520_04394_b.jpg 1 189 53 78 70 59C1-56086
0520_05115_b.jpg 1 184 142 86 77 59U1-45267
0520_05432_b.jpg 1 200 84 68 60 61B1-31345
0520_05790_b.jpg 1 172 69 71 63 55P8-5535
0520_06287_b.jpg 1 168 99 76 67 54R4-7039
0520_06296_b.jpg 1 170 80 75 70 52Y6-5446
0520_07389_b.jpg 1 172 142 74 64 59F1-38151
0521_04268_b.jpg 1 178 120 69 58 78N2-5941
0521_04658_b.jpg 1 203 56 70 63 52T7-2746
0521_05656_b.jpg 1 167 129 77 68 59F1-68955